2 141 2 159 213 151 190 99 30 13 95 3 236 238 50 68 217 43 147 133 118 152 122 255 45 54 142 195 20 14 177 222 
205 95 84 69 176 30 102 184 105 168 190 108 211 114 133 247 150 228 108 110 229 225 237 44 182 251 101 16 74 243 202 5 
2 139 2 139 84 130 171 70 52 1 90 2 168 202 32 64 120 43 19 144 18 154 0 253 164 38 138 201 149 10 49 168 
123 51 125 101 57 31 154 120 11 232 188 237 126 28 214 52 158 157 253 71 140 227 233 190 243 93 41 178 71 143 82 119 
91 122 59 113 57 156 89 23 173 105 198 237 191 159 150 116 166 63 253 28 143 217 231 80 243 249 48 146 46 132 167 127 
229 112 144 69 97 126 102 24 123 234 39 76 214 112 77 190 144 92 112 122 133 244 217 10 7 156 69 54 202 115 75 132 
75 223 94 220 111 20 124 55 205 26 94 102 104 58 182 247 230 163 190 174 228 139 39 253 54 59 242 138 31 164 248 13 
2 221 18 156 85 215 190 230 157 4 88 3 172 218 39 68 232 123 147 192 70 186 50 255 183 116 138 11 20 28 53 222 
130 88 234 220 118 151 188 87 29 198 86 167 32 142 183 96 222 57 147 133 227 157 54 203 54 63 158 130 29 24 56 221 
23 142 222 254 182 130 239 248 255 218 86 230 125 235 249 97 115 239 55 175 163 209 175 255 250 239 239 132 173 240 33 49 
139 104 226 157 103 208 188 87 61 79 84 151 172 156 54 36 190 43 151 133 198 156 166 227 6 62 154 131 7 4 187 223 
226 188 173 211 253 237 145 7 155 123 144 61 188 188 68 8 141 51 215 17 179 126 242 167 77 23 24 251 192 76 150 251 
33 173 195 191 205 199 166 239 22 97 120 19 56 252 112 104 249 106 34 133 18 187 26 243 125 54 159 104 213 88 177 138 
60 49 255 108 226 78 87 121 224 204 237 40 91 247 1 50 58 244 213 104 25 227 176 8 115 235 100 9 227 162 230 243 
30 123 98 64 242 147 190 113 133 204 124 231 9 140 182 132 110 187 151 215 213 187 36 236 62 77 175 195 239 167 255 213 
53 190 207 254 254 3 207 251 19 250 244 238 113 237 189 33 127 206 55 175 169 251 46 190 120 207 239 180 253 248 112 185 
88 121 59 160 16 205 83 208 164 224 174 8 183 151 67 32 34 244 204 88 73 137 177 44 241 197 1 49 98 131 39 106 
89 207 86 69 176 30 78 180 117 168 254 68 247 99 129 244 54 102 108 110 237 152 41 111 170 239 37 144 42 242 200 13 
199 252 191 254 45 103 85 184 223 250 17 88 220 254 120 43 129 71 125 11 229 69 187 241 201 26 127 190 152 113 129 103 
219 112 127 117 42 62 89 22 233 123 23 241 159 159 214 127 134 149 253 149 174 221 167 192 194 251 120 210 46 133 67 95 
0 143 18 155 20 163 170 87 22 1 90 66 229 203 48 64 120 42 19 153 18 186 0 255 236 164 138 64 148 10 176 136 
93 196 125 231 34 46 111 188 101 59 183 80 223 51 136 123 55 197 108 234 201 180 57 49 195 235 114 4 98 243 65 33 
9 133 27 253 180 198 107 55 124 9 90 66 189 35 48 96 113 170 30 136 83 152 17 223 237 175 178 64 16 136 225 40 
194 184 159 250 235 225 49 71 174 19 160 48 172 151 96 123 227 59 235 144 50 79 146 241 221 145 90 107 144 64 165 171 
196 0 197 183 172 120 97 11 123 247 131 145 207 36 218 219 195 6 232 29 55 109 255 194 156 50 87 85 132 236 221 84 
2 205 26 157 85 213 190 230 159 12 92 3 172 222 35 64 200 107 147 193 70 186 66 255 167 52 138 139 22 28 61 206 
110 240 48 80 233 245 85 223 235 95 164 29 138 158 78 191 201 153 205 16 222 103 250 208 27 89 85 127 210 84 238 87 
49 132 211 169 214 163 162 79 22 1 120 194 37 200 56 64 123 42 2 21 19 186 16 159 56 132 146 96 245 138 112 136 
19 47 227 165 178 134 171 246 44 225 90 199 189 43 145 0 54 109 21 253 145 152 133 110 232 44 175 128 173 179 179 249 
18 95 103 221 84 214 239 246 189 204 94 2 57 187 181 96 106 239 23 201 224 153 32 239 55 254 186 128 39 144 117 232 
37 160 192 200 108 41 232 73 27 51 241 154 147 14 92 24 89 136 70 181 26 118 222 210 31 28 209 124 213 136 66 160 
3 251 235 37 242 132 185 87 42 196 122 231 61 142 246 80 182 47 23 213 198 154 164 97 124 44 46 232 109 150 163 217 
153 76 126 245 54 158 174 246 188 202 86 214 189 142 179 99 102 101 127 205 229 221 53 238 246 235 238 128 45 177 33 121 
170 90 2 158 85 211 186 117 31 0 68 19 228 218 50 192 216 40 147 209 118 190 80 223 47 119 158 75 23 14 252 142 
229 96 196 101 108 11 65 24 11 184 177 9 203 9 93 27 218 196 110 126 8 98 201 144 158 216 65 116 226 171 82 0 
34 172 242 81 115 173 184 71 59 33 120 187 44 188 84 176 175 187 147 21 150 186 128 223 31 28 24 227 197 204 67 143 
205 118 248 231 36 42 127 184 48 226 119 244 215 103 203 91 55 92 125 46 225 212 237 10 198 239 101 132 44 243 66 241 
213 95 111 37 50 10 171 48 32 200 90 230 209 6 147 99 54 197 61 239 225 148 37 14 228 105 171 132 45 177 33 113 
91 138 225 209 102 0 105 18 53 7 82 246 153 39 148 252 103 142 55 156 155 156 229 194 14 238 250 192 167 132 112 125 
43 150 16 155 117 179 176 3 95 73 89 247 140 200 166 204 223 43 130 17 150 172 68 215 14 86 26 195 158 14 25 151 
213 94 125 229 38 10 111 178 60 246 86 254 215 39 147 123 55 245 127 238 225 212 229 110 212 171 111 132 44 177 1 113 
125 97 117 103 36 94 127 24 97 168 247 8 223 9 153 150 26 196 108 106 200 176 233 136 230 249 33 21 102 187 82 33 
45 241 16 67 81 157 114 252 107 97 108 76 190 210 76 180 144 88 66 122 87 58 216 53 47 221 5 110 74 2 75 158 
45 253 52 11 29 159 194 184 77 224 104 76 242 88 31 164 152 32 82 127 205 176 89 61 47 220 1 114 74 11 90 150 
196 54 253 245 96 42 105 186 56 254 119 124 215 119 201 123 23 92 127 42 161 212 233 74 196 171 115 132 140 241 7 241 
25 221 253 125 180 127 119 191 119 127 126 0 187 53 129 112 21 94 60 40 249 188 113 63 239 239 117 68 242 248 196 121 
167 75 96 200 117 151 206 85 77 72 84 71 16 8 183 101 216 168 22 255 231 50 116 220 38 24 162 192 31 158 120 205 
51 141 106 156 116 145 207 246 212 64 222 230 49 174 182 96 110 234 23 205 207 139 38 255 114 45 170 136 61 156 240 220 
16 24 90 232 70 227 121 115 13 6 95 50 29 151 32 64 102 185 63 129 16 145 48 221 211 165 170 193 53 137 53 99 
66 161 138 174 209 196 56 199 172 1 202 1 172 178 40 80 232 63 43 193 18 155 146 229 181 180 154 75 128 2 165 138 
88 123 157 253 137 70 84 159 167 158 138 0 238 243 1 218 128 119 237 64 74 201 211 40 227 247 85 19 162 114 12 10 
66 140 156 159 25 165 48 35 142 19 203 17 164 226 32 72 193 51 106 1 22 9 210 245 133 54 90 123 144 8 165 14 
120 188 184 114 184 237 81 223 179 189 172 25 183 183 66 24 129 155 77 16 58 79 250 55 251 199 53 125 160 64 134 107 
147 203 46 176 146 151 174 245 164 64 210 199 125 206 178 65 46 227 31 231 237 139 60 253 248 3 175 192 61 148 185 92 
13 69 123 101 52 10 111 56 100 232 127 64 211 99 153 112 126 196 20 110 201 176 61 12 228 173 35 132 109 187 64 97 
236 125 112 70 253 94 215 188 193 238 253 8 123 125 157 54 220 246 215 106 232 50 248 174 127 223 37 57 103 255 214 243 
116 73 213 108 40 82 74 168 225 128 162 72 83 99 5 242 200 212 108 106 73 163 211 44 147 253 197 28 96 179 110 32 
59 15 98 206 223 179 202 115 197 76 220 231 107 236 183 228 94 234 151 207 159 171 108 255 50 108 170 136 191 207 120 221 
57 201 67 14 80 132 111 253 113 64 104 64 115 193 185 244 120 234 2 252 219 186 44 63 124 172 160 8 121 146 242 168 
64 113 57 101 1 79 87 56 104 40 44 8 246 23 9 48 148 84 84 106 1 112 249 12 231 157 33 16 72 51 71 51 
104 188 122 231 116 255 122 54 61 79 255 61 255 63 18 16 223 255 93 40 188 184 81 175 239 255 48 193 226 138 71 219 
181 85 104 103 52 31 230 184 116 232 255 68 211 104 159 96 122 204 22 111 237 176 93 46 38 237 37 132 109 187 90 148 
190 52 181 242 169 125 88 218 187 251 181 125 142 253 77 159 143 219 245 17 191 99 250 192 155 218 89 255 202 109 14 119 
15 24 242 223 183 247 126 85 31 203 87 178 236 254 167 236 255 123 183 144 182 178 46 254 111 127 159 130 150 253 185 245 
223 91 107 251 178 184 251 144 189 81 95 243 253 223 152 104 54 191 189 215 163 144 172 231 244 233 170 192 173 151 161 113 
1 162 249 193 116 29 160 27 74 161 56 72 151 128 212 36 31 24 66 24 147 56 245 16 141 156 17 124 212 136 67 172 
209 41 251 229 22 10 105 49 112 224 215 102 127 43 208 114 98 229 61 136 201 217 165 78 218 233 190 132 44 162 33 41 
202 176 145 190 105 237 80 75 155 91 161 25 190 255 104 187 133 187 255 1 15 79 218 209 211 82 91 59 154 76 15 59 
0 186 185 65 117 173 177 87 110 45 124 108 182 149 68 4 132 58 67 24 146 56 240 81 77 156 16 122 200 8 7 187 
143 89 242 251 246 151 254 208 31 202 86 98 253 219 185 104 127 121 151 219 227 182 42 250 222 255 191 130 159 253 177 179 
249 55 233 229 172 39 79 63 17 234 156 246 159 47 209 115 79 213 29 174 249 78 245 138 234 217 239 180 44 248 240 113 
116 160 233 97 200 105 97 139 102 115 166 24 147 53 73 58 57 156 104 144 26 112 211 16 197 167 81 117 241 112 70 162 
185 22 249 229 60 47 111 57 21 234 191 238 211 125 209 35 126 244 31 172 169 244 101 138 246 207 231 180 45 250 80 113 
217 86 123 229 34 95 127 52 52 238 87 252 223 39 131 113 54 212 156 110 233 244 53 14 242 235 100 128 110 180 13 121 
247 216 175 50 9 95 22 232 167 250 131 57 86 252 75 187 233 244 253 67 77 71 123 50 145 195 77 151 217 127 60 87 
26 157 18 242 178 235 50 247 190 41 122 242 28 182 160 96 167 51 158 16 55 153 0 255 174 214 62 195 154 64 133 27 
219 201 71 212 134 198 111 119 180 194 210 215 25 167 176 229 102 229 61 206 249 159 52 236 186 42 238 192 47 180 161 112 
54 233 98 48 219 153 151 202 139 149 168 175 42 204 119 158 233 251 201 247 94 107 218 242 186 84 141 127 247 61 222 86 
113 72 91 222 68 134 79 118 196 130 251 66 51 227 177 112 104 244 62 202 201 167 54 136 241 170 226 8 53 250 112 32 
120 249 253 114 171 201 21 199 163 157 172 56 63 247 64 58 163 243 236 16 26 107 186 49 219 203 117 121 226 208 134 43 
42 157 114 158 125 211 158 230 159 64 92 3 104 252 54 96 218 234 151 193 2 170 122 191 127 127 138 139 22 15 124 223 
155 115 111 229 38 214 127 113 229 204 223 231 185 31 147 231 38 181 221 238 237 129 53 206 226 249 170 128 47 183 127 121 
72 50 86 108 53 15 112 18 233 11 118 105 223 59 0 144 134 129 236 0 44 169 129 143 195 255 32 1 74 160 78 3 
131 201 11 159 52 135 63 103 30 4 80 66 180 194 32 64 254 43 19 129 102 156 35 127 100 38 190 128 20 8 177 200 
142 91 243 251 246 195 190 216 31 202 84 246 253 221 185 72 127 121 151 211 227 182 42 250 126 215 191 138 183 251 53 241 
42 176 32 146 109 253 176 70 171 93 189 45 172 156 78 140 141 27 215 17 134 43 242 241 15 92 154 251 194 13 159 215 
95 122 138 176 171 178 94 210 163 250 130 237 77 239 67 155 167 229 253 213 60 71 138 160 218 193 239 237 170 245 42 83 
2 180 152 249 245 229 176 75 30 13 89 19 140 191 104 0 217 27 131 17 18 24 82 215 141 213 154 111 144 72 165 130 
221 30 254 254 172 34 233 81 212 130 215 114 89 249 177 107 122 228 63 171 184 231 39 202 210 235 234 128 191 235 112 33 
0 141 80 217 244 137 228 175 95 17 80 82 189 195 188 228 91 58 34 24 114 184 70 247 44 190 22 64 22 136 241 168 
147 76 106 152 118 131 189 87 157 194 80 231 61 142 179 64 110 169 23 149 225 191 36 206 48 13 190 128 61 156 49 217 
239 112 245 118 105 28 92 184 185 250 183 253 223 223 217 191 134 213 253 111 225 71 250 130 211 251 125 190 110 181 75 113 
152 126 98 106 53 146 90 112 117 140 247 35 107 219 177 112 120 188 157 234 200 183 12 191 243 233 161 137 39 167 124 11 
214 45 215 99 226 40 234 70 41 163 171 216 141 11 85 26 175 207 117 215 26 214 205 98 156 152 31 34 229 243 99 132 
2 223 90 157 118 131 190 231 29 65 90 231 44 174 166 64 126 59 147 133 199 152 20 255 36 54 158 130 28 30 169 221 
221 95 95 70 160 30 111 180 225 168 174 76 123 114 133 247 54 228 108 110 237 241 189 44 54 235 101 0 106 243 106 45 
58 188 96 90 91 245 216 194 131 117 172 143 40 140 119 156 201 187 195 209 30 43 122 245 27 85 153 123 115 15 254 222 
12 47 220 113 152 105 85 155 86 179 44 32 215 99 75 26 17 90 104 24 30 200 203 32 238 135 53 125 160 249 136 2 
106 184 150 216 249 173 144 83 143 153 168 29 158 255 101 250 205 179 251 16 51 75 82 209 223 22 95 122 216 76 171 155 
252 255 114 102 117 194 82 240 81 172 244 43 107 217 180 20 216 252 133 98 104 55 136 191 187 249 133 127 103 187 126 11 
41 129 88 109 184 11 71 189 66 96 44 140 247 97 8 48 18 66 96 108 91 40 127 61 236 239 37 52 120 186 202 184 
51 147 107 200 246 131 251 113 197 65 223 226 89 221 188 96 126 169 19 253 223 187 36 220 122 13 142 64 181 138 240 208 
24 90 26 174 44 165 87 210 132 136 216 78 183 211 33 64 220 249 14 66 72 179 80 185 241 197 42 40 48 123 33 43 
75 28 246 212 103 22 184 99 233 238 146 167 12 174 246 231 231 53 255 165 164 205 128 206 26 126 95 131 14 36 41 95 
83 122 131 183 35 140 44 7 169 203 130 253 172 174 70 247 167 167 125 133 197 89 166 200 180 112 94 130 12 68 131 93 
121 29 86 110 58 6 86 56 165 0 234 237 115 99 160 209 86 246 108 110 77 139 83 60 250 235 96 88 58 163 104 17 
185 207 111 254 62 128 79 246 212 64 212 230 51 233 177 97 106 226 63 207 233 171 38 191 240 235 174 152 61 185 112 57 
67 121 149 177 137 22 60 7 171 242 128 13 140 178 65 190 167 101 121 21 69 77 243 192 157 82 95 62 136 116 131 79 
44 171 156 225 188 139 0 127 38 185 140 104 147 147 193 138 9 30 106 24 90 248 195 0 205 199 53 117 128 200 142 170 
138 154 242 185 102 233 176 71 30 53 80 243 172 140 100 137 231 59 131 17 18 124 2 209 4 1 122 227 149 12 13 139 
162 188 191 122 249 237 177 199 187 95 112 57 190 252 76 24 141 59 243 17 51 109 178 247 77 22 28 235 200 76 151 251 
98 48 156 254 105 173 80 88 139 27 181 93 190 255 108 30 141 145 255 16 30 71 218 209 155 222 81 255 218 12 74 19 
181 182 207 253 254 3 207 249 86 251 244 230 113 233 252 32 127 206 54 173 169 255 175 191 120 207 255 180 253 232 112 185 
149 238 207 254 190 130 239 254 215 218 210 246 121 235 248 99 127 239 63 173 163 223 143 255 250 239 255 204 189 224 113 49 
121 139 20 97 185 159 84 191 39 189 170 13 143 34 66 210 128 135 236 112 28 11 65 28 234 215 37 85 130 164 202 11 
192 176 159 250 202 225 49 79 174 19 161 48 181 215 104 123 227 19 106 144 50 79 138 81 221 129 122 105 144 64 167 43 
9 133 31 237 181 166 107 55 100 9 110 64 249 51 32 224 112 34 10 136 27 152 49 223 237 255 178 64 18 130 225 40 
16 76 43 173 52 166 43 118 52 8 90 66 245 247 32 64 118 41 27 169 33 156 1 31 229 166 170 128 52 138 53 40 
198 144 191 26 233 252 185 135 187 95 3 29 140 254 110 91 165 19 249 17 183 77 178 243 95 55 90 203 144 69 167 119 
223 30 242 118 35 124 91 18 185 222 191 189 78 191 207 255 167 213 221 54 165 69 184 226 211 249 96 187 174 245 15 87 
213 185 127 165 50 143 107 48 164 232 146 226 213 95 144 35 38 245 93 239 225 209 53 108 240 138 235 128 45 163 33 113 
222 54 246 246 43 124 23 26 185 222 189 189 78 127 75 191 167 213 221 34 172 71 184 234 211 247 69 187 162 247 15 119 
91 57 123 112 40 156 89 22 169 105 254 237 63 159 150 116 166 191 253 29 143 219 229 244 210 253 48 154 46 132 3 127 
111 62 233 67 224 125 95 146 59 255 61 253 30 53 207 191 135 94 213 30 183 84 253 162 78 95 117 246 142 215 222 117 
34 221 58 157 85 197 190 231 28 12 88 3 172 254 39 64 216 59 147 193 102 170 82 255 37 52 138 139 21 24 53 222 
93 208 255 225 0 46 111 184 101 58 191 64 223 115 9 123 119 212 124 234 41 213 57 96 211 235 227 4 34 243 96 32 
32 129 2 139 84 135 170 72 22 1 89 2 228 202 56 64 120 40 19 209 2 178 24 221 172 36 138 72 157 10 49 136 
59 123 112 105 57 159 219 120 79 104 188 237 26 28 150 52 158 189 221 103 205 51 225 158 247 221 33 178 87 142 82 119 
37 160 131 138 84 135 170 73 22 1 89 2 96 200 120 64 120 8 2 145 23 178 74 213 28 4 139 108 221 10 120 128 
19 121 107 165 50 198 187 112 164 200 218 231 181 14 177 32 110 125 21 245 197 153 52 109 233 41 170 192 45 131 35 249 
146 93 55 220 54 194 173 118 253 142 210 2 60 191 53 65 238 43 63 129 224 141 32 238 241 190 222 128 5 48 37 251 
42 204 34 158 85 215 186 97 159 4 69 19 172 202 54 64 216 56 147 129 102 190 80 223 71 119 154 75 19 14 120 138 
219 86 118 228 37 84 95 16 237 206 151 181 79 159 159 246 166 245 253 231 237 133 177 194 243 249 234 147 46 247 109 119 
111 54 112 224 237 125 220 91 73 127 125 191 143 29 222 188 159 155 215 31 159 54 254 210 87 93 48 255 239 207 222 215 
147 28 127 245 34 246 185 115 189 202 90 178 189 190 53 97 166 53 189 129 224 157 53 206 147 255 122 130 36 228 33 105 
34 172 115 209 82 169 184 103 61 1 120 195 44 188 52 0 190 59 19 17 18 186 0 223 28 14 24 66 197 8 35 138 
30 67 110 180 127 128 186 64 135 132 87 167 109 204 51 66 238 169 183 213 196 145 6 204 82 97 171 139 39 46 60 211 
2 205 2 159 85 151 190 103 30 13 88 3 172 254 54 68 217 43 147 129 118 152 112 255 45 54 154 195 22 14 181 206 
217 28 187 245 34 46 121 51 61 234 94 53 159 191 131 121 167 61 189 4 177 220 177 138 199 255 123 132 166 224 1 123 
124 65 114 101 37 74 95 56 97 164 255 8 91 73 153 180 58 196 76 106 200 176 225 140 246 249 33 21 103 179 70 33 
129 141 18 219 245 153 232 239 94 19 88 18 173 234 52 228 251 42 2 137 118 56 78 247 44 190 158 105 150 200 249 140 
255 112 244 244 45 28 92 152 187 250 181 92 143 223 223 191 135 213 253 142 237 103 186 194 147 251 85 191 78 245 74 215 
101 249 24 65 241 30 98 156 106 168 108 76 158 18 70 48 148 76 70 124 215 186 240 76 110 189 37 100 72 2 203 133 
41 251 32 35 53 159 194 188 111 236 46 77 242 72 30 144 152 76 64 127 198 184 89 63 239 93 5 116 74 159 90 204 
120 189 60 114 248 237 81 255 179 189 172 25 55 247 66 16 129 187 77 16 58 75 218 55 251 199 53 121 224 192 134 107 
136 182 253 117 176 46 121 27 54 255 118 116 159 55 192 123 7 30 127 56 177 220 225 2 207 255 113 196 170 224 199 249 
211 201 67 212 68 134 111 246 177 66 210 194 57 135 176 231 110 245 61 207 233 143 180 237 178 42 238 128 45 176 176 120 
222 50 246 103 43 120 184 16 169 223 151 183 76 63 223 175 166 87 253 71 133 197 187 224 87 123 122 147 231 247 47 87 
43 183 121 75 232 117 157 95 91 127 61 253 152 60 222 172 143 27 151 29 215 42 127 243 78 93 61 238 223 198 143 245 
95 187 194 176 171 177 88 198 179 248 136 237 15 174 67 154 167 237 253 149 14 75 130 144 154 193 237 255 170 116 42 83 
113 76 195 220 68 134 111 212 244 130 254 66 51 179 177 115 104 236 54 202 201 167 48 232 113 168 230 8 37 251 112 40 
55 201 107 202 87 135 235 96 197 65 207 130 17 207 52 96 124 168 19 255 219 187 52 220 123 77 138 72 53 142 240 240 
2 92 234 157 86 198 189 71 28 79 82 19 52 158 54 96 254 59 19 133 228 156 48 203 119 46 186 128 21 8 181 217 
51 205 106 156 86 129 207 246 212 64 216 230 49 236 178 96 106 170 23 205 206 171 38 191 112 44 170 136 53 152 240 233 
19 221 99 157 118 131 190 231 30 65 90 231 61 238 182 64 126 59 151 197 199 152 36 255 52 36 170 128 61 158 177 217 
63 123 107 144 246 147 239 245 133 196 212 231 41 140 183 164 110 233 151 255 221 187 36 236 58 73 175 192 111 191 250 213 
3 252 162 143 247 244 190 71 29 77 92 167 172 190 54 228 255 59 147 149 134 152 52 239 38 60 154 131 151 86 189 223 
2 181 24 185 181 229 176 67 30 13 88 19 140 191 104 0 217 27 131 17 18 184 80 215 205 215 154 103 144 72 165 131 
124 49 123 124 59 206 87 112 224 200 245 40 91 255 1 48 58 244 244 106 89 227 178 12 115 233 36 25 99 178 102 243 
43 143 98 222 252 179 206 243 213 76 220 231 41 236 183 228 94 234 151 207 158 171 46 191 50 125 170 137 63 207 120 221 
154 223 83 158 146 129 62 247 148 68 218 231 45 231 160 193 38 179 143 196 242 137 38 255 250 229 174 203 55 132 165 121 
64 113 57 101 49 78 119 184 104 40 102 8 214 23 9 48 148 84 92 106 65 176 249 14 231 189 33 36 64 178 71 51 
138 28 242 223 245 183 191 87 31 206 86 147 236 252 53 228 255 123 151 145 178 186 34 223 47 127 159 138 151 238 181 223 
124 97 101 103 109 91 66 88 65 160 183 10 75 73 221 22 90 196 110 106 200 51 233 200 119 216 1 55 103 187 82 38 
11 152 242 217 247 215 254 83 31 203 86 50 236 254 182 108 255 123 151 145 182 250 38 206 47 127 159 194 151 108 185 213 
2 9 2 139 85 213 186 64 15 5 88 3 172 206 54 196 252 59 147 209 22 186 16 253 37 52 138 43 22 15 53 206 
237 255 233 77 252 63 223 190 81 234 188 110 123 125 157 39 92 214 87 111 253 98 108 174 127 95 229 184 199 249 210 173 
98 3 16 186 137 173 80 142 143 25 136 9 174 146 73 88 201 147 235 17 30 11 219 241 137 148 154 123 144 75 133 14 
98 169 18 186 217 196 146 71 175 9 233 9 12 219 36 80 200 187 3 208 30 11 146 245 185 180 142 107 144 2 166 130 
112 57 151 180 10 202 1 164 168 180 162 40 246 182 65 90 128 245 108 80 9 75 243 44 153 162 95 90 128 34 7 106 
35 2 104 133 20 147 232 83 84 101 84 215 161 12 182 36 92 8 147 141 165 184 101 207 6 14 154 193 127 140 124 220 
189 69 123 101 118 10 111 184 116 192 126 66 219 65 145 116 122 236 20 238 233 180 117 14 100 237 161 132 103 187 112 97 
8 25 115 204 86 230 105 83 29 13 95 34 28 183 164 76 118 186 7 136 17 154 48 223 87 172 146 128 183 201 229 241 
111 218 160 82 237 125 213 154 219 255 53 60 74 253 223 190 141 70 246 30 199 118 254 242 79 95 117 191 218 255 222 119 
160 156 127 245 116 239 123 182 61 73 122 121 247 127 16 16 183 255 95 32 57 188 81 47 239 255 50 192 192 128 198 251 
110 233 226 144 219 153 182 230 139 164 140 171 44 204 119 134 171 227 203 215 70 107 142 240 58 20 143 127 199 62 31 206 
89 93 95 69 178 30 111 180 105 168 110 68 127 51 133 247 54 228 124 110 225 217 49 76 54 235 101 0 42 242 104 13 
223 95 123 250 178 4 127 216 61 90 87 247 93 207 185 105 119 217 31 255 243 133 47 254 242 235 175 204 189 243 161 113 
70 124 242 18 235 249 176 194 171 223 181 189 12 220 70 31 167 153 253 19 150 103 186 224 27 80 95 255 199 119 135 87 
133 85 125 103 52 30 230 184 108 232 123 68 211 120 153 99 26 68 92 111 237 176 125 12 230 249 103 20 76 187 91 1 
184 239 118 92 127 211 214 244 209 140 244 42 43 217 180 37 74 248 135 106 238 174 102 191 126 91 5 11 119 152 116 143 
239 250 252 82 237 125 117 146 219 255 53 61 154 61 215 191 143 80 247 22 181 116 250 226 79 91 117 255 206 253 222 247 
89 23 249 229 164 111 77 55 76 234 190 254 159 63 209 123 70 214 125 46 249 248 225 138 238 217 247 180 172 248 209 121 
159 91 250 250 246 135 191 216 31 202 84 230 253 221 181 104 126 249 23 219 227 178 42 255 182 223 175 130 55 251 49 241 
212 160 205 178 173 104 65 11 59 247 163 185 207 36 74 251 99 198 236 17 62 103 239 192 157 50 87 125 132 69 215 102 
218 150 238 225 164 38 253 151 253 187 150 114 221 187 248 107 127 215 63 185 185 217 129 194 218 235 254 196 175 208 185 1 
246 94 191 62 42 123 23 216 167 254 147 120 78 252 201 59 175 245 253 35 169 71 235 16 145 34 109 151 148 127 53 119 
235 219 90 222 102 16 188 183 93 74 118 246 40 250 182 237 102 235 182 194 229 26 6 241 22 123 250 139 31 253 233 157 
204 18 189 246 238 115 149 216 218 255 151 124 92 255 201 107 167 87 255 35 161 71 171 210 89 147 127 190 148 113 37 115 
42 157 114 158 125 211 191 230 31 69 92 2 40 255 55 68 218 250 147 193 194 138 114 255 55 62 138 139 23 15 116 222 
88 50 87 108 53 142 120 18 169 9 242 93 159 155 0 16 166 181 204 4 12 45 129 143 211 255 48 16 74 128 74 19 
249 13 94 110 10 14 70 56 33 64 235 205 115 99 34 81 86 230 108 110 93 139 95 29 242 233 97 24 122 162 106 0 
184 94 114 110 117 147 123 112 245 12 118 98 43 201 181 117 122 248 151 234 232 182 36 191 114 233 160 129 103 191 126 171 
156 89 31 190 148 134 87 208 133 136 199 70 119 211 33 81 120 248 14 122 105 135 24 174 241 225 167 16 56 187 32 51 
204 20 188 181 172 110 121 26 58 191 23 57 223 63 73 123 135 215 125 17 168 84 241 2 199 235 115 181 164 225 5 83 
19 76 106 188 86 163 172 87 148 66 90 195 53 138 177 96 110 171 23 141 192 157 36 238 240 47 186 128 53 216 177 200 
237 112 176 5 101 30 230 24 121 234 118 92 214 88 95 187 152 76 100 111 229 244 217 10 6 185 101 36 74 243 74 133 
2 190 234 149 242 176 188 87 190 207 94 231 172 174 182 64 167 59 151 149 150 152 4 203 102 55 190 131 140 68 173 223 
25 89 111 238 20 134 111 112 228 192 246 70 113 195 57 97 120 228 30 238 201 179 52 237 241 233 226 0 61 187 112 48 
42 221 114 222 117 211 190 230 31 5 92 3 40 254 54 196 250 123 147 193 70 186 50 255 39 62 138 139 23 15 245 206 
115 201 99 220 68 196 79 247 149 74 210 66 49 247 176 101 72 234 63 203 201 143 118 237 177 42 238 136 61 176 240 40 
2 201 18 138 85 193 178 224 14 1 89 2 172 194 32 196 216 59 130 210 70 186 10 253 53 52 138 75 21 15 53 142 
44 235 96 33 116 91 235 184 71 236 126 233 131 13 210 4 24 204 71 127 200 176 101 30 110 93 165 245 70 142 86 240 
72 189 253 117 179 254 125 55 63 235 126 53 190 63 134 80 167 63 253 16 243 216 113 199 239 255 52 194 162 196 198 123 
33 107 120 1 116 143 99 117 104 236 124 72 131 0 150 16 144 44 70 124 196 184 229 14 108 188 36 96 64 130 67 205 
124 77 114 101 55 26 79 112 97 160 254 10 91 11 145 84 122 228 76 234 200 179 101 140 243 237 33 17 103 187 70 33 
146 220 230 18 195 208 180 231 185 95 84 183 44 254 110 143 239 115 179 213 246 207 62 227 59 18 94 203 135 84 175 223 
177 239 237 205 252 27 207 191 83 234 188 106 179 57 151 32 95 198 87 109 253 122 229 175 126 223 229 180 253 249 210 233 
38 225 2 138 93 133 170 200 142 4 89 3 100 200 120 64 216 40 3 211 66 35 90 245 53 20 139 106 21 11 113 134 
130 141 34 157 85 199 188 103 28 4 88 3 172 190 50 65 216 59 147 129 102 186 80 223 37 52 154 139 20 12 53 202 
213 230 123 230 166 36 111 248 48 74 223 246 95 99 185 112 118 197 125 238 235 213 175 231 242 237 171 196 45 243 161 33 
157 86 111 250 166 38 127 248 52 218 213 246 93 111 185 121 119 221 31 255 233 215 45 254 250 239 239 132 61 243 33 113 
206 18 253 245 170 107 185 24 182 255 151 255 213 127 203 75 95 213 255 179 177 69 235 194 78 179 255 182 164 233 5 115 
198 180 191 186 249 228 185 135 187 91 81 61 156 255 108 91 167 27 243 17 179 79 154 243 93 54 90 239 136 68 167 243 
130 188 187 250 251 237 177 199 187 91 80 29 172 253 110 8 167 27 243 17 179 109 154 247 77 22 30 235 216 68 167 251 
91 57 115 120 50 157 91 87 57 105 254 237 63 159 150 116 182 191 253 205 143 155 228 251 242 253 48 186 110 132 195 127 
154 223 67 220 50 148 60 119 149 76 218 231 41 231 162 197 102 179 143 228 241 139 54 255 50 103 190 136 63 148 165 121 
0 172 16 155 213 185 226 238 94 19 120 18 174 232 108 192 121 42 162 144 54 188 79 247 12 150 150 107 208 72 217 142 
3 157 42 171 182 230 190 71 28 77 92 135 181 254 54 96 254 59 19 149 214 152 52 239 231 45 174 193 149 82 189 219 
16 13 46 175 180 198 191 119 132 4 222 3 245 62 51 64 238 51 31 225 28 153 17 44 225 165 170 129 52 26 181 90 
9 157 185 93 181 221 117 55 255 77 126 4 186 183 134 244 132 58 190 24 147 184 115 247 111 255 52 195 210 216 196 123 
210 29 190 197 179 230 189 39 173 175 94 179 172 63 36 66 166 55 255 129 112 153 17 206 245 119 222 131 4 68 165 91 
249 76 243 222 76 196 71 182 196 2 236 66 51 241 177 100 72 248 38 74 201 175 114 171 113 174 230 8 51 249 240 40 
56 253 120 126 56 205 87 255 183 44 172 8 51 245 2 16 129 250 237 66 106 107 122 63 243 207 37 57 114 250 198 171 
184 219 126 220 126 217 214 230 221 12 240 163 43 157 181 1 238 240 135 66 236 175 34 191 114 203 36 155 119 152 124 139 
189 79 73 235 172 35 207 220 86 18 253 214 211 201 185 96 95 194 63 255 251 35 79 187 240 205 175 156 253 251 240 161 
95 124 242 246 235 116 31 218 169 223 189 173 78 254 79 255 167 215 221 183 188 71 186 226 219 95 79 191 166 119 47 87 
35 121 35 216 221 133 207 199 149 64 200 6 49 137 53 32 200 170 19 221 203 171 114 189 99 92 154 40 89 25 240 250 
82 157 191 181 179 234 61 39 173 239 26 179 188 62 0 114 167 55 253 1 240 153 177 206 189 247 30 131 132 68 133 123 
255 120 244 212 109 28 220 192 251 251 180 29 14 158 87 191 175 245 253 6 172 103 186 192 147 219 85 191 207 245 75 23 
162 169 34 218 77 213 177 226 159 20 196 3 168 220 54 69 200 59 179 195 66 47 114 245 71 24 154 107 18 13 117 234 
2 29 31 189 22 230 188 103 172 138 218 3 188 191 33 67 230 55 59 129 96 157 19 204 113 178 218 130 4 96 37 218 
123 127 121 96 126 155 218 124 59 104 188 233 191 157 148 48 190 189 221 109 201 59 229 254 178 221 41 178 111 142 67 125 
159 95 226 252 182 151 255 250 31 206 92 230 125 205 179 96 126 251 151 203 235 186 38 255 242 223 175 128 55 253 53 241 
29 95 251 255 246 147 127 208 23 202 94 230 125 223 179 96 126 235 151 207 235 178 46 255 250 239 175 128 63 249 49 241 
206 28 254 222 111 116 191 210 169 94 159 183 76 254 111 223 231 213 255 227 164 71 170 226 87 121 202 143 6 119 45 87 
11 20 115 202 119 244 168 82 93 75 91 82 40 254 181 236 126 186 146 136 147 178 52 218 23 124 154 138 159 207 113 181 
40 161 248 104 253 113 82 205 67 5 253 8 11 219 108 16 217 154 134 48 26 50 218 145 127 221 0 127 243 202 206 130 
6 145 106 194 214 196 191 215 7 69 93 131 24 141 124 68 127 155 19 157 146 26 48 215 111 28 142 204 151 142 181 243 
118 114 229 160 169 72 81 136 171 253 179 233 207 157 203 127 202 212 237 115 31 99 239 192 155 208 229 255 166 63 214 119 
108 161 216 232 233 105 84 155 3 61 189 9 139 59 72 28 217 152 199 58 26 34 201 144 223 221 1 127 243 203 206 130 
120 189 24 122 248 237 83 255 183 61 172 57 55 247 66 16 131 186 77 16 58 75 74 55 251 199 53 121 240 192 134 171 
206 54 253 245 234 103 181 27 26 255 151 246 220 255 201 75 23 87 255 176 177 214 235 194 78 163 127 246 173 225 133 243 
111 122 229 21 239 26 188 23 75 243 22 255 8 44 215 191 39 197 247 21 197 92 245 192 30 122 221 182 239 252 218 93 
43 143 106 158 244 177 206 247 215 69 220 231 41 236 183 224 94 234 151 205 158 170 110 191 42 125 174 137 159 207 248 221 
130 156 242 221 245 183 186 67 31 195 82 147 236 254 52 100 255 59 147 149 178 186 50 255 15 62 158 194 151 76 49 223 
65 113 57 101 112 79 119 56 121 232 102 8 214 23 8 48 148 92 84 106 65 176 249 12 231 153 37 4 66 50 71 51 
19 15 106 188 150 160 173 119 164 64 90 226 57 174 179 96 110 187 31 141 129 153 36 237 240 45 186 128 61 216 177 201 
126 34 112 232 45 29 88 24 139 60 181 41 143 219 207 30 142 145 125 94 10 103 202 144 211 217 97 191 82 175 74 3 
49 162 239 253 126 3 201 123 86 235 242 230 113 233 240 33 127 204 54 173 169 254 239 159 94 239 255 188 253 168 112 161 
77 49 245 97 234 76 125 31 107 185 57 88 159 27 196 122 167 149 108 56 211 104 243 192 79 249 103 124 202 224 195 33 
155 219 99 156 246 144 175 247 197 192 214 231 57 140 183 36 110 251 151 205 221 171 38 237 122 9 174 200 47 156 241 221 
9 133 26 233 181 246 114 51 110 9 111 0 189 51 40 228 208 10 138 152 19 152 113 223 239 253 130 65 146 130 233 42 
144 81 31 173 54 66 79 53 164 8 210 98 247 19 32 65 118 245 29 235 120 153 1 12 225 161 234 128 52 178 165 43 
185 91 107 236 20 134 79 113 196 72 246 70 113 211 177 96 120 224 30 238 233 163 54 143 243 233 167 136 61 186 112 48 
34 157 50 137 213 213 186 206 31 1 88 3 172 220 54 196 220 59 147 193 22 58 16 255 39 20 138 235 85 30 189 142 
47 54 224 65 231 63 251 90 91 239 125 190 8 61 215 188 63 222 151 156 149 118 109 194 30 95 213 231 239 239 94 245 
120 36 27 100 53 205 88 22 169 9 184 25 159 159 0 18 134 167 76 12 40 111 194 132 211 249 48 24 66 128 67 9 
128 162 157 251 136 229 25 15 166 31 129 17 181 215 72 91 197 27 105 144 58 76 235 17 205 227 122 125 144 64 165 170 
173 85 44 103 20 14 111 184 116 234 255 68 211 120 153 113 88 196 92 111 237 176 93 14 229 235 101 20 104 187 90 16 
73 189 249 231 164 108 127 54 40 235 191 76 159 63 208 114 198 215 125 78 217 248 249 160 239 221 118 48 168 251 197 121 
35 219 250 159 230 144 190 244 89 66 117 231 40 234 183 96 126 111 182 199 213 190 174 243 38 127 250 138 31 255 249 157 
92 25 215 229 162 110 105 154 47 178 170 70 95 51 65 123 115 213 124 168 9 81 177 192 213 234 107 4 170 225 98 50 
94 51 250 194 227 120 190 217 171 223 31 175 76 254 223 174 183 87 247 211 150 69 186 224 95 89 79 239 231 119 143 87 
51 207 107 158 86 129 207 246 148 65 216 230 49 174 176 96 106 234 23 205 203 139 38 255 112 44 170 136 53 152 240 233 
15 54 225 67 246 59 185 158 123 255 63 254 217 44 223 172 63 221 151 189 177 116 237 210 14 30 255 230 239 215 195 245 
72 188 19 237 180 238 107 55 60 9 122 64 255 55 0 48 151 191 92 40 49 188 209 127 237 255 34 192 200 130 131 57 
2 205 18 155 213 135 190 231 30 5 90 3 236 250 52 196 217 107 147 193 114 152 90 255 45 54 158 67 148 30 185 142 
124 121 123 126 59 204 87 112 224 200 253 40 123 223 0 48 186 241 213 66 73 99 178 44 243 233 32 25 99 179 230 115 
212 92 23 248 4 198 87 240 165 202 226 70 87 215 33 123 240 245 124 226 105 199 17 140 241 226 231 16 40 186 36 51 
248 249 250 122 187 205 87 215 163 29 164 56 63 215 64 50 163 243 237 80 90 79 186 51 251 205 52 121 98 144 166 123 
90 184 247 227 165 22 248 151 127 187 150 114 157 63 208 235 231 215 191 145 179 217 161 224 158 251 254 198 134 192 185 27 
2 159 106 182 178 162 185 119 172 65 90 231 61 175 178 64 38 59 23 149 147 153 4 239 108 37 190 194 172 196 165 249 
249 93 127 77 98 94 119 181 113 202 230 64 123 51 133 115 50 244 124 234 225 247 177 108 119 235 103 0 106 176 106 45 
155 17 42 200 71 246 187 80 196 76 223 7 24 159 51 224 108 176 155 239 157 179 48 196 87 233 138 3 55 15 125 242 
184 219 119 236 60 223 87 125 197 76 244 110 123 213 160 245 220 176 142 106 200 171 98 189 243 249 32 154 114 174 244 123 
130 180 179 186 219 228 185 207 186 95 64 21 156 255 110 8 165 27 243 145 51 79 186 243 93 22 94 239 152 68 167 251 
220 90 159 182 32 100 95 144 160 26 146 101 247 127 33 91 231 245 125 227 105 197 155 40 209 227 250 128 36 241 37 59 
18 129 6 137 29 131 170 97 204 0 218 2 236 202 48 64 248 169 107 225 80 171 1 221 177 52 138 66 21 10 49 132 
102 63 243 192 242 225 190 195 43 201 120 239 28 254 245 16 191 251 23 151 144 18 142 226 63 20 15 174 237 243 39 247 
49 162 239 253 62 3 233 122 86 249 214 230 81 137 176 105 126 140 62 172 139 252 103 157 220 175 251 164 61 168 112 185 
2 188 179 186 219 229 177 207 158 95 88 29 172 255 110 8 175 59 179 17 19 47 186 243 93 22 30 107 216 76 167 251 
130 141 30 189 21 199 188 103 28 6 82 19 172 190 32 65 216 59 147 129 96 184 82 255 165 50 154 3 20 8 181 154 
78 60 242 132 207 116 191 194 169 198 140 143 12 254 119 222 231 247 251 179 148 3 186 224 127 119 207 175 135 119 47 87 
255 120 246 84 109 92 216 64 251 254 180 29 46 158 87 159 175 245 253 7 228 103 146 224 147 251 95 187 207 53 75 95 
120 191 90 122 186 237 83 247 183 61 172 41 55 247 66 16 167 187 237 16 58 75 10 55 251 199 53 121 240 192 142 139 
8 177 145 233 181 245 178 78 31 41 93 2 140 151 104 196 219 27 131 16 19 184 80 213 143 213 154 103 146 15 173 179 
38 233 82 138 93 193 190 236 14 4 121 11 44 200 61 132 216 233 131 211 70 50 90 253 61 20 142 107 85 31 125 142 
49 162 239 253 62 3 233 123 86 249 214 230 113 139 240 104 126 140 62 140 139 222 231 221 220 171 251 140 61 168 112 185 
130 29 14 189 5 198 188 103 28 2 82 19 172 191 48 65 232 59 179 129 112 216 19 239 229 51 218 131 20 8 181 138 
38 237 96 202 93 133 198 232 79 4 248 11 104 200 125 132 216 233 147 99 206 35 90 253 57 28 141 63 85 63 126 142 
72 25 209 225 227 74 109 23 43 245 98 80 157 55 64 126 39 159 63 152 17 88 241 192 221 242 94 228 162 240 135 177 
7 122 233 65 246 51 251 214 122 237 94 230 25 44 215 40 63 221 23 223 145 240 165 226 78 79 191 228 237 241 211 245 
57 68 114 68 85 91 70 120 97 160 255 10 107 89 183 180 122 252 6 234 201 179 36 142 115 253 129 1 103 190 114 44 
40 45 97 65 85 219 227 103 113 224 238 136 163 12 20 180 88 172 194 97 201 186 117 14 45 68 128 49 103 140 86 252 
103 215 106 159 246 144 191 252 94 69 92 199 233 234 190 64 126 75 51 239 198 18 62 245 110 41 206 232 157 223 249 220 
123 191 115 104 114 155 122 119 121 73 254 233 191 159 148 48 182 191 85 205 203 186 164 255 182 253 58 162 111 134 195 125 
66 223 59 188 243 200 61 231 185 77 90 169 172 191 38 80 166 115 247 65 114 9 162 239 255 119 30 139 4 84 167 123 
208 176 156 187 136 236 81 31 182 55 135 17 215 119 72 91 193 23 109 16 58 77 251 17 201 227 122 85 144 64 133 98 
170 149 32 139 213 213 190 239 31 13 88 3 172 252 62 133 216 27 147 177 118 186 80 221 47 16 142 107 87 28 253 222 
181 205 105 233 188 11 79 255 86 178 180 222 179 105 241 97 91 202 94 239 233 102 109 186 252 203 229 188 253 249 208 40 
161 207 237 253 252 11 205 191 82 250 244 206 179 41 145 35 78 206 119 77 249 250 229 191 238 203 245 240 125 184 208 233 
221 70 123 238 180 38 111 248 112 74 255 118 83 227 185 121 127 198 124 238 233 135 173 47 242 239 231 204 173 243 240 49 
49 207 107 254 62 129 207 246 132 64 216 230 49 233 176 96 110 234 23 205 203 171 6 189 112 44 174 136 53 154 240 169 
157 6 237 255 166 38 79 248 23 250 215 214 93 111 153 123 127 223 63 174 169 214 105 234 219 207 239 132 189 241 32 113 
206 18 237 245 234 46 189 152 62 255 151 253 217 111 219 107 39 213 255 183 177 212 255 192 206 251 255 180 143 253 5 113 
162 145 96 201 213 213 190 237 95 77 88 19 40 28 62 165 204 27 147 209 246 186 84 221 47 24 142 227 23 12 252 222 
109 85 45 103 52 15 103 184 100 234 239 76 211 113 25 113 80 196 124 110 233 176 89 12 229 186 101 20 72 187 80 48 
35 143 106 223 244 145 255 247 29 69 92 167 169 238 182 64 78 106 151 197 214 170 102 255 110 61 174 201 151 142 244 221 
69 112 57 101 64 79 119 56 121 232 102 8 214 23 8 48 148 92 84 106 65 176 241 12 231 153 33 4 66 48 71 179 
2 205 18 155 213 215 182 231 31 1 90 3 172 250 36 196 217 123 147 65 118 184 90 255 45 54 158 67 22 30 189 142 
147 211 110 190 182 128 189 117 140 64 218 231 125 142 178 97 118 179 31 205 241 137 38 237 248 41 190 192 45 134 177 89 
2 140 226 217 117 167 184 71 31 1 80 2 172 202 52 64 255 59 19 145 178 186 18 223 13 62 155 194 149 12 49 143 
56 90 126 252 46 131 214 246 196 134 240 231 35 137 183 0 110 241 135 67 232 175 6 191 114 239 226 153 125 185 116 153 
185 93 111 236 60 214 71 117 212 72 244 102 115 151 178 97 92 228 30 238 233 171 102 143 242 235 162 136 63 186 112 121 
36 179 249 72 252 107 211 216 71 45 253 106 83 221 253 48 92 152 6 123 154 50 108 145 94 141 33 252 215 171 86 163 
9 151 58 201 244 183 115 91 94 13 127 2 148 147 170 100 209 10 142 24 146 184 97 87 79 189 178 65 146 138 108 1 
170 181 48 250 221 221 212 237 79 113 173 24 174 92 78 33 217 147 219 1 127 47 122 151 187 217 144 127 82 14 220 222 
30 220 231 158 75 208 190 230 190 222 216 167 108 254 103 142 239 115 179 211 198 79 46 243 59 70 223 139 183 119 45 223 
55 98 237 90 206 51 202 216 86 243 177 238 81 72 253 43 89 200 55 255 143 102 111 176 94 11 225 252 245 187 112 228 
145 203 110 252 150 128 237 119 132 0 214 230 57 139 176 97 110 163 31 205 249 139 36 237 240 233 190 128 61 152 177 9 
6 172 146 155 69 185 234 200 94 23 81 18 236 200 123 136 251 43 162 19 38 118 74 243 12 22 155 109 213 75 57 142 
178 91 106 252 46 211 223 118 212 68 214 163 51 156 183 97 106 242 63 203 204 175 38 189 114 43 250 137 117 184 116 107 
214 20 150 149 11 118 184 10 189 150 147 147 204 126 47 207 231 117 253 163 36 197 19 202 145 242 219 135 134 117 45 87 
126 79 102 142 109 80 223 224 133 86 220 167 105 238 191 199 106 193 191 231 204 3 38 229 114 121 202 139 55 191 124 86 
117 115 249 68 108 91 199 88 67 172 189 106 83 89 221 180 88 220 38 122 201 50 109 136 63 205 37 188 119 251 86 229 
211 77 103 158 96 196 109 119 149 78 218 199 49 175 179 69 108 163 63 205 237 143 54 239 240 46 250 136 63 156 48 88 
154 216 38 157 13 214 188 228 156 214 146 147 237 94 55 195 238 113 191 227 236 205 19 255 161 107 238 147 21 28 61 94 
248 252 122 122 59 205 83 246 179 93 164 56 63 223 66 51 167 251 237 80 106 79 186 55 251 201 52 123 98 144 166 123 
27 95 106 253 182 151 237 119 87 200 222 230 59 239 179 96 126 171 151 141 235 187 36 159 242 239 175 128 63 252 48 249 
65 188 27 249 176 174 107 23 61 11 114 92 255 19 128 112 151 63 94 56 179 156 145 127 237 255 62 64 136 192 131 169 
124 121 123 126 58 220 87 116 224 136 252 40 123 215 1 48 190 241 213 106 72 99 178 45 243 237 37 25 99 178 102 227 
34 221 34 159 85 211 190 230 31 5 92 3 44 252 54 196 250 123 147 193 70 186 24 255 47 52 138 67 22 14 189 206 
74 249 145 243 226 200 61 183 171 61 18 168 156 159 68 82 134 63 117 80 82 88 226 224 237 144 62 226 4 144 135 251 
241 204 123 252 108 192 71 246 212 2 244 34 49 243 161 100 74 248 46 74 105 175 98 175 240 172 230 136 53 185 116 41 
216 88 31 191 44 14 93 180 164 26 210 112 247 23 161 75 102 245 125 227 105 197 67 41 193 227 250 144 36 177 33 59 
88 50 28 248 48 140 88 18 171 27 183 24 159 27 0 90 131 151 76 8 26 77 210 19 211 255 50 24 66 128 70 3 
162 204 20 157 45 215 180 237 157 30 208 19 172 28 54 207 201 51 155 97 102 237 82 255 161 18 222 19 86 28 61 142 
79 122 237 245 104 6 105 146 183 251 214 212 217 255 209 106 79 253 127 220 153 208 227 192 79 191 255 164 143 241 0 241 
5 116 152 201 245 189 177 91 95 45 85 54 156 145 235 44 223 24 6 24 130 54 114 210 79 157 19 111 154 25 153 163 
49 82 111 238 36 22 71 116 69 72 247 102 115 221 186 97 94 180 62 106 201 163 101 173 242 171 226 152 61 186 124 121 
48 94 218 252 62 166 91 210 148 140 254 230 51 227 161 66 110 252 15 202 168 163 34 170 242 173 163 136 53 249 116 41 
120 123 122 110 58 200 87 112 163 4 252 40 127 223 1 16 182 241 213 66 72 35 154 61 243 229 36 59 98 178 46 163 
120 191 30 122 186 173 86 247 183 29 172 41 55 247 2 16 167 251 205 0 58 11 10 63 251 199 53 121 112 192 142 139 
130 132 164 149 195 102 188 135 28 183 82 147 204 62 22 207 231 87 187 149 52 220 81 194 13 50 222 199 132 116 189 222 
60 94 91 188 54 163 218 82 133 200 218 231 63 237 177 64 110 225 175 199 141 179 20 170 208 229 171 128 125 249 56 153 
36 232 154 155 77 169 178 200 222 23 113 3 236 202 111 8 249 107 162 211 6 54 74 243 29 22 159 111 145 95 125 142 
250 120 246 244 111 92 220 70 251 222 180 27 46 158 87 159 175 245 253 147 228 103 146 224 19 122 90 187 199 117 111 223 
30 250 227 158 27 208 186 200 151 196 216 231 104 254 247 132 127 249 183 195 134 67 174 251 56 70 143 171 183 55 61 223 
173 149 60 235 157 127 80 233 95 113 165 24 222 125 94 57 217 130 211 58 58 34 121 149 203 219 5 119 210 14 208 114 
34 205 18 155 213 215 182 231 28 5 120 3 172 216 38 192 217 59 131 65 118 190 80 255 37 22 158 75 81 28 253 142 
185 215 125 238 56 155 94 125 69 72 245 236 123 77 168 225 94 144 159 106 251 42 111 157 242 217 32 216 126 138 200 57 
125 6 237 247 228 38 111 154 55 251 255 118 217 99 153 123 125 222 55 174 185 214 233 202 206 239 247 132 175 241 98 161 
237 78 205 253 172 34 79 186 87 202 246 212 211 99 153 121 95 204 62 174 233 118 105 58 206 255 229 148 189 249 112 33 
18 73 22 136 28 130 170 98 172 0 218 2 140 138 48 64 232 161 110 225 72 171 1 221 177 176 138 66 21 10 49 6 
43 173 115 232 118 139 126 119 121 1 120 234 63 143 148 48 190 187 23 141 211 186 132 255 54 253 186 130 111 132 227 137 
53 55 251 68 118 123 198 120 81 234 253 110 83 120 191 180 94 236 22 106 237 178 236 142 54 14 33 188 111 255 90 197 
169 204 253 245 180 143 253 182 92 186 118 74 183 57 145 35 143 110 127 77 233 252 97 175 238 219 116 176 108 184 81 169 
53 115 121 73 254 27 195 216 70 232 253 238 83 221 253 32 94 152 6 123 139 50 108 24 126 141 37 252 253 187 86 177 
57 34 239 237 46 11 233 91 86 241 214 230 51 137 144 104 110 172 126 156 137 252 103 157 212 235 242 192 61 136 112 185 
120 176 28 248 40 172 88 18 171 27 182 92 159 155 0 26 134 151 108 24 26 77 194 145 211 249 48 88 202 128 74 3 
130 188 177 250 219 229 176 207 158 91 88 85 188 255 108 160 133 27 147 145 51 30 154 243 29 22 30 238 152 68 167 251 
155 91 234 220 38 146 252 86 245 206 214 231 57 140 183 98 110 237 159 205 196 159 36 202 114 109 170 129 39 244 125 125 
2 205 30 191 149 198 188 103 28 7 90 19 164 62 32 64 248 59 19 129 112 188 17 255 165 54 218 3 16 88 181 138 
34 205 96 202 85 197 190 238 95 4 120 11 40 216 53 132 217 251 147 195 102 58 88 255 61 28 143 43 85 31 252 142 
2 221 34 155 85 215 190 230 31 76 92 3 172 254 54 196 248 59 147 193 70 186 16 255 47 116 142 203 23 14 189 206 
34 159 104 205 246 129 239 247 15 69 92 167 169 175 182 64 78 170 151 197 210 184 100 253 110 61 174 193 55 142 244 249 
2 141 18 153 117 199 184 103 30 9 90 2 172 190 48 64 254 59 19 145 16 184 1 223 45 54 154 194 148 12 177 139 
2 201 143 191 133 198 189 231 60 7 90 3 172 191 48 64 232 123 59 129 112 152 19 239 229 55 222 131 20 80 181 202 
130 223 123 188 114 192 191 231 185 77 88 167 44 191 36 80 166 123 151 193 98 15 162 255 119 119 30 139 20 20 167 251 
10 248 154 178 115 141 63 214 170 93 20 165 188 223 99 64 167 123 159 83 66 9 154 241 249 85 62 171 6 23 7 219 
27 29 106 237 54 151 239 119 29 201 222 230 57 174 182 228 126 175 159 141 201 185 53 223 178 239 190 128 63 140 185 221 
57 76 98 76 85 215 246 112 85 192 255 10 107 217 183 180 120 248 150 234 204 179 52 239 115 254 128 3 119 191 126 164 
59 53 96 69 91 95 144 123 81 233 252 110 2 28 150 180 156 156 215 37 157 186 113 14 54 77 1 178 107 12 90 213 
130 253 91 245 242 140 189 247 184 2 122 176 188 191 32 49 166 123 215 65 99 221 144 239 253 183 62 130 12 16 131 187 
2 141 18 155 213 215 190 231 30 5 88 3 172 250 38 196 217 123 147 193 118 184 88 255 45 54 158 67 22 92 189 142 
210 188 180 178 139 253 52 143 191 119 128 25 172 190 66 223 167 83 249 145 54 77 187 243 155 211 95 123 130 84 135 94 
126 93 102 138 207 80 223 236 133 86 156 167 105 108 63 199 234 192 191 231 236 35 62 253 115 123 206 159 55 254 124 94 
39 143 233 138 220 229 239 233 70 109 217 135 65 236 126 64 93 203 19 223 223 34 124 247 125 12 175 236 157 239 244 244 
31 29 106 232 103 240 251 80 245 76 215 39 24 159 179 108 254 184 151 199 156 179 48 194 83 253 170 139 63 31 124 215 
88 72 186 183 163 252 125 23 189 135 70 19 173 175 98 72 231 47 191 145 20 152 176 226 239 247 158 193 166 84 173 74 
119 109 225 202 206 1 206 248 195 194 153 207 83 232 253 34 88 192 127 239 203 35 174 184 58 8 173 188 125 255 240 100 
31 131 67 234 22 128 107 88 7 65 215 230 121 195 184 228 126 137 31 254 155 129 15 213 152 236 170 204 191 131 176 176 
80 132 156 186 168 232 81 143 182 31 142 25 247 55 10 91 193 151 109 16 58 77 211 55 217 231 124 89 176 64 132 10 
65 117 57 101 65 78 117 63 105 232 110 8 214 23 1 48 148 20 84 40 65 176 241 12 231 189 33 4 66 176 71 179 
25 135 71 234 150 128 75 121 5 65 219 226 113 99 184 100 122 130 31 174 155 139 47 221 248 236 170 200 183 138 240 32 
109 85 21 103 52 15 103 184 101 232 239 76 211 49 25 116 208 68 124 110 201 176 121 12 229 190 101 20 74 187 82 32 
212 132 156 187 184 238 81 159 182 63 135 25 215 55 72 91 129 23 109 16 58 77 219 23 201 227 125 85 176 64 133 66 
195 233 226 149 71 220 188 71 107 197 78 139 40 172 118 164 170 47 179 149 198 248 182 194 63 60 158 163 71 20 155 206 
109 77 21 69 52 31 102 184 101 232 110 76 211 97 145 180 144 100 124 110 201 176 121 44 167 254 5 20 74 187 82 32 
45 48 188 99 189 63 67 152 71 249 189 76 211 89 89 58 221 192 87 122 139 112 121 176 207 221 37 116 250 187 80 242 
18 73 30 140 92 130 170 96 140 0 218 2 172 138 32 64 234 165 43 195 64 187 2 253 180 32 138 8 20 11 49 138 
2 141 18 155 213 215 190 231 30 5 88 3 172 250 38 196 217 123 147 129 118 184 90 255 45 54 158 67 22 94 189 142 
35 173 115 232 118 139 254 119 125 1 124 194 61 171 52 48 126 187 23 137 147 186 20 255 55 124 154 192 103 130 227 137 
146 252 31 253 50 196 189 246 188 2 90 162 189 247 33 97 166 123 95 192 99 221 18 111 245 166 62 130 0 80 39 185 
3 180 145 250 251 165 184 223 30 27 112 124 188 255 108 168 143 27 151 17 179 94 154 243 29 22 63 238 152 68 171 155 
2 205 154 189 148 198 191 231 28 5 90 3 180 254 32 64 249 123 59 193 98 152 19 255 229 55 158 131 20 88 181 10 
57 73 114 76 85 211 246 114 85 64 124 2 42 217 183 228 120 184 150 202 204 186 52 255 51 126 128 3 119 191 124 174 
171 50 104 8 122 63 217 88 79 236 253 237 19 140 150 48 158 45 215 61 141 163 100 30 66 93 33 252 95 142 74 213 
129 92 159 245 52 175 119 182 252 170 114 116 191 187 161 105 167 119 63 9 225 252 48 46 231 255 119 130 140 249 1 43 
109 78 221 245 228 174 111 146 31 170 246 64 183 51 145 123 79 236 63 12 169 252 225 170 206 255 245 144 156 249 80 41 
56 191 90 60 250 141 86 247 183 12 236 173 55 247 34 16 166 251 205 64 94 11 2 63 250 231 37 121 112 144 174 155 
253 93 94 164 54 34 110 114 133 200 218 231 83 163 161 67 126 244 31 238 169 147 20 206 242 233 171 128 47 185 120 17 
7 114 177 201 229 157 185 81 95 173 85 38 140 152 255 44 255 9 2 25 215 178 50 208 7 28 23 46 215 159 117 229 
10 217 34 141 85 213 190 231 31 77 88 3 172 222 54 196 248 59 147 193 86 152 50 255 47 116 142 203 22 14 189 223 
10 249 250 222 115 196 63 246 187 4 84 160 172 215 227 20 38 123 151 200 66 25 178 241 255 149 30 171 6 148 167 251 
222 52 191 176 169 102 25 7 187 255 130 49 156 191 66 91 197 55 253 145 56 79 243 194 217 243 254 223 128 96 165 115 
64 113 57 101 96 78 117 61 105 168 111 8 214 23 8 48 148 20 84 40 193 176 241 12 231 189 33 4 66 162 71 187 
3 203 106 153 118 129 239 247 14 68 92 231 61 140 182 64 110 43 23 77 198 184 36 253 110 13 174 192 53 140 241 217 
218 185 180 178 139 245 52 135 191 127 128 57 172 190 66 223 163 83 253 145 62 75 251 241 155 211 223 251 130 84 143 95 
37 42 237 245 252 38 107 146 55 251 254 100 209 227 209 122 93 236 63 156 153 250 227 104 78 255 247 196 142 241 98 161 
30 93 114 234 231 208 191 80 213 68 212 163 9 223 167 237 126 185 151 227 172 179 36 232 114 249 138 139 183 255 124 215 
120 189 123 122 43 237 83 246 163 93 172 8 63 223 64 48 163 251 205 66 11 107 186 53 219 201 53 59 98 1 38 123 
53 55 251 69 118 59 235 122 81 232 124 238 83 104 183 32 126 252 22 41 141 178 100 142 118 44 33 164 109 239 82 245 
56 121 122 238 58 205 91 112 161 132 252 8 127 223 33 16 190 241 69 98 72 35 18 44 243 237 32 25 113 179 110 2 
106 16 242 76 111 124 248 64 233 200 254 43 8 156 55 191 238 181 247 165 132 163 178 200 23 120 194 139 103 44 126 87 
2 137 2 141 117 134 184 103 12 13 90 2 172 154 52 68 250 43 19 145 18 152 1 221 45 52 154 195 20 14 177 143 
151 95 106 214 118 150 191 84 237 200 222 231 89 206 183 98 254 229 23 247 133 177 52 236 58 56 174 128 141 183 121 213 
49 211 124 237 62 2 91 120 69 72 245 230 115 65 186 96 94 144 30 110 201 163 109 157 242 168 34 156 61 171 112 113 
38 232 154 154 77 193 178 200 30 21 240 11 44 216 103 8 249 249 131 211 2 50 202 241 29 20 143 43 81 31 117 202 
125 69 97 69 180 14 207 184 96 226 186 206 211 101 157 160 90 196 92 111 233 178 253 14 44 174 165 180 109 251 210 112 
230 120 246 180 111 124 216 70 251 159 176 27 46 158 87 155 175 245 255 145 166 103 146 226 19 90 95 187 199 117 47 223 
27 157 122 205 118 210 249 119 29 73 222 230 61 190 182 96 110 187 31 137 221 155 37 223 246 125 186 128 63 140 177 121 
80 159 156 190 168 232 20 167 170 31 138 57 183 242 64 90 193 119 109 1 30 75 202 33 217 231 126 91 128 96 143 11 
117 79 111 238 62 130 79 112 212 192 223 230 115 233 177 96 126 228 62 238 233 163 46 142 242 239 227 136 61 187 112 33 
189 115 121 105 118 11 207 217 70 232 253 238 83 77 253 32 126 152 22 255 201 178 109 158 124 141 37 244 125 187 82 177 
17 2 103 233 46 139 233 87 102 113 210 230 51 137 144 104 110 140 126 156 139 248 103 145 212 232 242 192 45 136 112 185 
22 122 226 158 58 146 154 200 135 196 216 231 233 238 183 196 94 249 191 199 142 3 78 253 184 84 139 187 55 183 61 213 
34 168 225 26 237 249 177 207 155 119 168 185 168 236 70 24 201 187 195 21 22 106 250 243 95 22 221 123 209 76 214 222 
17 123 107 163 54 203 171 112 4 232 82 231 181 5 177 0 62 41 23 239 193 144 37 29 224 128 170 128 61 138 21 249 
65 172 27 125 212 174 97 55 126 3 106 16 183 51 0 48 129 46 74 12 51 184 209 31 237 190 18 64 200 192 195 168 
130 30 150 149 197 118 188 39 28 191 82 51 204 58 36 203 225 127 163 129 52 220 1 202 37 50 222 131 132 124 189 135 
239 197 66 138 204 129 206 200 134 2 253 138 65 232 249 196 89 202 18 255 74 35 142 179 48 5 143 188 23 251 248 128 
167 123 225 136 100 29 254 80 89 202 112 231 136 156 247 164 254 249 150 231 197 54 228 194 22 92 163 170 95 191 125 213 
10 157 34 137 117 213 190 103 31 77 92 35 172 158 54 196 252 59 147 193 86 186 48 255 39 84 138 203 23 14 189 223 
88 255 19 188 187 143 94 247 179 232 168 237 47 231 1 144 166 255 205 196 77 11 146 63 240 229 45 187 40 52 139 91 
96 77 19 142 92 129 234 100 140 0 218 10 36 202 33 64 232 169 14 195 72 171 0 253 177 52 138 10 17 27 48 138 
53 127 233 69 164 27 207 248 67 232 188 238 211 65 221 38 30 204 84 110 201 50 237 40 230 205 165 180 109 251 82 245 
18 29 47 189 18 228 189 102 156 198 218 163 189 175 35 64 238 123 155 197 96 139 18 239 225 39 186 129 20 112 37 219 
18 93 31 252 50 230 63 246 188 130 202 195 189 183 33 64 38 115 127 196 97 137 18 111 241 167 190 128 36 112 37 187 
34 233 51 202 77 193 182 228 207 20 248 11 44 220 101 16 200 249 131 67 66 43 218 249 55 20 139 43 81 31 118 202 
34 77 114 92 85 211 246 103 93 4 124 2 40 216 181 164 216 186 130 200 198 186 52 255 55 60 130 11 87 156 124 142 
18 203 107 221 86 193 175 119 140 64 88 227 57 142 180 96 110 43 23 205 195 184 36 253 36 44 170 192 53 140 245 249 
65 28 223 245 118 238 49 242 188 232 122 96 158 183 161 114 167 127 63 0 177 249 16 110 249 191 55 130 136 232 33 43 
66 188 191 179 169 224 181 135 187 151 138 49 140 191 66 75 199 119 249 17 18 73 210 224 205 115 222 83 128 68 133 91 
130 205 159 189 20 196 191 231 150 5 90 3 181 255 32 64 232 123 59 193 98 136 19 255 225 167 190 136 20 24 181 42 
34 205 56 157 85 199 190 230 94 4 88 3 172 184 54 64 217 123 147 65 102 184 80 255 37 22 158 35 85 24 253 142 
202 188 182 146 169 244 180 135 191 127 134 49 172 190 70 207 199 119 251 145 54 77 155 243 159 242 222 251 130 84 173 95 
61 87 97 201 62 11 79 248 69 96 216 230 83 65 185 228 126 204 22 238 201 178 109 157 48 232 163 148 63 187 80 113 
2 137 2 137 85 145 186 97 13 1 88 2 172 154 52 192 250 41 147 209 22 186 0 253 5 52 138 195 21 14 53 142 
27 155 106 252 118 150 249 119 189 77 94 230 61 159 182 96 110 171 23 141 147 155 52 253 246 109 186 192 61 136 177 249 
49 23 103 133 118 11 235 123 68 232 122 230 83 40 181 32 126 172 23 173 157 186 101 140 100 46 35 128 109 172 112 245 
3 178 144 185 248 165 184 223 30 59 24 124 156 186 200 168 143 27 23 17 183 90 203 211 12 30 63 238 152 64 139 153 
56 233 123 110 16 197 83 240 32 12 236 8 51 211 33 16 56 248 69 234 74 43 136 61 243 237 32 57 113 146 102 42 
109 175 221 101 60 14 75 59 102 169 186 68 211 51 144 50 205 68 124 60 185 233 225 78 205 255 167 212 200 160 66 33 
253 69 97 101 244 31 207 184 81 226 254 206 83 97 153 164 91 196 84 238 233 178 237 142 190 239 165 132 111 255 90 112 
114 73 114 206 77 221 218 96 201 132 252 11 42 200 55 20 250 185 215 195 204 35 178 217 55 124 128 59 87 63 126 206 
190 89 122 200 102 210 190 64 197 68 244 163 105 222 183 225 126 185 151 243 236 167 38 232 50 233 234 139 55 191 124 247 
159 89 110 196 118 82 191 240 188 196 214 166 88 222 183 99 126 245 151 239 229 215 54 238 122 43 174 133 39 183 125 243 
34 173 106 201 215 135 234 103 127 1 124 2 57 137 52 32 122 171 19 153 146 186 20 255 63 28 154 192 119 138 243 136 
215 90 111 225 166 70 111 240 173 234 215 230 93 6 177 107 119 213 63 239 225 213 180 194 149 171 238 196 37 179 53 113 
120 185 59 122 171 237 85 246 163 89 172 8 63 223 64 50 171 243 237 64 10 75 186 53 219 201 52 123 98 0 166 123 
125 71 111 236 22 2 111 112 212 192 199 134 81 235 185 97 126 228 59 238 233 163 52 140 242 235 130 8 61 187 112 48 
2 205 18 159 213 213 190 231 30 13 88 3 172 250 38 196 217 123 147 193 118 184 74 255 45 54 158 75 22 12 189 142 
49 207 75 254 30 129 79 247 132 64 216 230 49 235 176 96 110 226 31 205 203 139 38 189 176 172 174 136 61 154 240 41 
26 233 250 190 83 208 126 228 191 4 84 131 44 207 99 192 230 251 147 209 70 15 138 255 123 85 158 171 55 150 45 203 
65 49 57 101 85 79 117 61 104 237 111 8 214 53 8 48 148 28 80 40 193 176 241 12 103 157 0 4 64 130 199 179 
84 251 151 182 168 8 22 140 162 152 130 101 231 226 65 219 132 103 108 83 77 73 139 32 184 227 111 154 136 115 35 27 
73 172 17 125 85 238 97 39 126 11 106 80 190 51 0 244 129 46 74 24 51 184 209 31 205 255 18 64 200 64 195 170 
167 237 233 79 212 55 238 248 83 226 124 206 80 104 191 36 121 206 18 238 253 242 109 254 62 30 197 164 255 255 242 196 
41 174 0 85 213 191 96 55 117 175 238 28 170 32 150 180 201 174 230 12 188 250 97 159 143 223 16 113 66 204 218 140 
181 118 124 107 176 111 223 214 124 111 255 253 215 28 155 57 159 30 93 63 253 180 117 46 231 239 48 212 237 217 214 243 
146 13 31 188 146 198 61 119 180 130 202 131 189 183 33 65 102 247 63 205 105 153 17 238 241 167 238 128 36 240 165 121 
34 205 82 202 84 129 206 231 13 0 248 10 34 216 36 80 216 171 23 193 74 170 64 255 53 60 134 10 85 26 240 138 
78 252 182 150 171 244 188 166 191 151 134 179 236 254 110 207 231 115 251 211 54 73 154 241 191 114 223 235 130 85 173 223 
37 103 105 69 244 11 207 249 80 234 248 238 83 40 149 32 94 204 22 238 233 178 237 14 126 12 165 180 109 250 210 169 
253 65 111 236 31 198 79 96 213 128 231 2 83 225 57 97 120 228 58 238 104 163 54 140 243 235 194 25 53 187 112 34 
65 185 219 101 36 14 109 51 110 168 126 108 215 51 192 114 150 68 124 44 201 248 225 8 204 255 101 132 72 160 194 41 
57 71 97 205 118 27 238 121 85 224 218 230 83 9 181 228 126 132 22 238 233 178 101 158 54 206 165 148 63 186 240 181 
34 77 114 223 85 135 182 103 93 0 120 3 40 216 52 0 216 59 130 129 230 186 84 255 39 60 146 11 85 28 244 142 
2 205 18 159 85 213 190 230 31 13 88 3 172 254 38 196 217 123 131 193 102 184 90 255 45 54 158 75 22 12 189 206 
58 205 106 72 85 213 214 232 69 68 252 10 42 221 182 52 248 184 151 226 206 58 116 255 115 92 128 123 119 142 126 238 
2 137 18 137 87 129 186 65 12 1 80 2 172 154 48 64 250 41 19 193 18 184 16 253 5 52 138 67 20 10 49 138 
57 3 99 133 118 27 233 115 68 224 90 230 147 8 148 164 126 172 23 173 217 184 101 140 36 44 162 128 111 168 112 181 
91 127 19 188 115 203 63 230 185 236 202 173 46 182 131 148 166 253 204 199 77 155 160 110 176 244 14 130 34 53 39 125 
144 205 31 189 20 198 79 166 148 4 202 3 181 115 33 65 64 115 63 201 104 137 83 191 225 167 190 0 48 88 53 42 
70 169 182 178 139 192 180 199 174 149 2 147 236 254 106 75 167 115 251 81 18 73 154 241 221 82 95 75 128 87 165 74 
27 155 123 248 118 212 249 119 157 77 94 230 57 159 182 96 110 187 23 141 147 155 36 253 118 237 186 192 55 140 161 249 
147 201 107 156 22 129 237 119 132 64 82 135 61 141 48 65 110 171 19 205 195 169 54 221 113 41 154 8 53 136 113 248 
109 53 57 71 85 110 99 57 105 224 111 8 215 85 24 52 144 28 64 42 17 176 249 12 69 188 1 68 66 163 66 224 
34 249 58 202 93 197 150 237 203 4 184 11 44 220 36 0 216 57 211 67 66 43 90 253 55 20 14 59 81 26 118 154 
171 87 96 141 118 19 250 120 89 232 240 239 41 44 151 165 126 201 151 229 237 54 69 202 54 88 234 174 127 189 120 221 
158 70 110 229 102 82 254 120 5 206 214 163 73 14 183 107 254 221 151 227 236 215 37 204 86 91 239 131 55 255 124 215 
10 157 50 139 85 215 186 103 31 5 92 3 172 220 54 196 220 59 147 129 86 184 48 255 39 84 154 195 22 14 189 223 
182 66 106 136 102 18 158 104 29 14 212 231 13 206 191 201 254 153 151 231 236 183 4 204 178 89 170 131 53 191 61 215 
16 205 28 191 28 199 148 231 158 4 88 3 181 184 48 65 200 123 27 193 98 168 81 191 225 167 190 1 21 24 181 10 
93 178 142 53 11 94 33 57 242 252 134 108 219 118 195 255 49 196 236 56 141 209 247 8 221 227 117 213 170 36 15 115 
26 236 82 190 87 208 58 228 143 132 200 131 44 206 39 196 246 249 147 195 70 11 30 255 50 69 138 43 55 23 45 206 
49 207 67 222 30 129 79 247 132 64 216 230 49 169 176 96 110 226 31 207 203 139 6 189 240 172 174 136 61 152 240 56 
64 184 159 248 40 236 49 23 174 25 162 88 182 151 64 123 133 55 108 16 19 77 146 49 217 161 122 120 128 0 135 43 
