100 160 249 105 200 105 97 139 106 55 36 25 147 39 73 122 51 156 98 24 18 48 231 17 205 167 81 101 208 224 71 162 
130 89 170 220 54 215 156 71 157 138 214 162 36 158 55 100 222 57 23 129 102 143 98 234 51 127 158 139 20 24 61 255 
11 124 226 157 119 180 188 71 121 75 88 131 44 190 182 160 255 59 147 133 134 158 180 235 39 61 154 131 199 84 187 221 
33 50 185 225 116 89 224 27 75 225 112 104 151 152 208 160 158 25 86 17 135 58 244 144 12 157 48 124 204 136 91 169 
41 217 88 109 60 12 71 188 68 0 252 4 243 97 136 32 88 96 36 110 201 40 115 45 224 237 37 24 90 186 66 56 
123 123 124 101 57 31 218 120 11 232 188 237 94 28 214 48 158 213 253 97 140 227 233 158 179 95 41 186 78 143 86 119 
34 185 30 248 153 197 16 39 159 185 172 16 182 158 100 112 201 59 129 144 95 26 82 95 235 148 158 99 24 0 172 158 
93 79 94 69 176 30 78 184 101 168 174 68 255 114 129 246 54 230 108 110 237 129 41 111 162 239 101 144 106 243 232 45 
89 190 59 121 42 252 57 55 165 77 206 245 159 151 130 112 166 63 253 12 157 137 165 18 210 249 50 211 10 132 39 127 
205 87 94 69 184 30 102 184 105 168 126 76 83 114 141 247 54 228 108 110 229 240 253 44 54 251 101 0 74 243 74 5 
130 184 159 250 203 224 49 71 174 19 224 48 172 215 96 123 227 59 235 144 50 77 146 113 221 209 90 107 144 64 165 43 
1 184 249 65 52 45 168 31 110 161 44 76 151 161 212 36 23 24 66 24 147 56 241 18 141 156 21 124 212 136 67 168 
153 196 127 111 36 30 239 252 100 10 246 66 123 73 184 225 122 228 110 234 233 181 45 61 242 235 98 4 127 186 96 40 
21 142 255 254 182 130 238 250 254 218 86 246 125 235 249 99 115 239 63 175 243 217 175 255 250 239 255 132 173 240 97 49 
96 188 62 26 253 249 241 231 251 95 104 25 46 252 54 16 161 42 227 17 54 47 178 119 127 55 22 107 208 68 247 222 
226 188 173 147 253 237 145 39 155 123 144 61 188 188 68 40 141 51 247 17 187 126 242 167 77 22 88 251 200 76 150 251 
181 142 205 190 254 3 207 248 19 234 244 246 81 233 189 33 127 206 55 175 249 243 47 191 122 207 239 180 253 248 240 241 
221 83 127 165 34 94 127 49 52 238 119 252 223 39 147 105 54 213 20 110 225 244 37 14 230 235 96 128 110 176 129 113 
218 58 181 83 35 252 24 22 191 95 71 181 142 159 206 127 167 183 253 20 190 84 243 241 199 123 112 195 130 197 133 95 
239 242 48 80 233 252 85 153 235 127 181 61 138 158 79 191 205 147 221 16 254 103 250 209 75 89 85 255 194 4 206 87 
219 114 127 117 44 62 88 19 121 123 23 241 143 31 212 127 134 149 253 149 172 221 167 192 194 251 248 210 38 132 67 95 
2 221 26 156 117 193 190 230 30 12 88 3 172 223 35 64 248 123 19 193 66 186 16 255 245 52 158 11 20 24 53 138 
32 176 90 139 212 163 162 91 22 1 89 6 49 200 60 0 121 154 2 145 18 186 80 215 28 12 186 104 213 10 241 136 
163 93 96 200 117 151 238 116 77 72 116 70 48 24 183 97 204 168 19 127 231 50 116 221 55 24 130 232 31 158 120 205 
24 24 123 236 102 227 121 83 141 6 95 34 29 147 32 72 102 185 55 136 0 177 48 221 211 173 178 128 55 137 53 35 
145 205 66 253 20 131 238 246 244 192 218 194 57 138 181 97 104 234 14 200 233 187 4 239 178 236 174 0 61 152 240 136 
231 96 240 225 108 43 72 24 107 187 181 25 75 73 221 27 217 132 119 58 140 118 201 192 150 217 193 245 195 187 82 1 
66 43 135 190 88 160 34 34 190 128 202 65 164 242 33 64 192 111 107 195 6 203 130 109 181 54 218 11 0 97 49 138 
42 176 34 154 109 253 177 70 143 77 188 15 172 220 110 140 141 155 215 17 150 43 178 241 23 84 154 251 211 79 159 223 
217 138 225 209 102 136 105 19 61 23 82 246 189 3 208 76 103 136 63 156 146 156 37 195 204 174 186 192 167 128 113 105 
66 14 159 159 29 164 182 166 206 18 74 67 164 248 37 64 193 123 42 65 6 9 83 253 5 54 218 10 16 89 49 14 
138 114 48 153 111 209 176 200 15 29 84 167 172 156 111 205 206 9 163 81 6 116 98 241 6 81 90 171 22 13 29 207 
121 73 67 108 82 134 79 125 112 192 236 74 51 195 177 244 120 232 6 236 203 154 244 31 176 173 160 8 51 162 98 96 
3 205 51 219 124 217 236 239 95 19 80 82 188 250 180 228 247 59 51 136 114 60 98 247 45 190 154 104 22 152 161 173 
53 85 72 71 116 31 230 184 116 224 127 76 211 120 159 48 120 204 22 111 237 176 93 14 38 239 165 4 109 187 90 132 
9 156 19 243 179 191 48 55 254 41 122 118 156 178 160 240 167 59 14 16 183 152 33 255 238 223 54 194 154 64 129 11 
211 217 71 208 194 146 46 119 165 192 194 231 25 167 176 245 102 183 189 206 241 155 36 236 186 170 238 192 45 160 161 49 
42 220 50 158 85 215 178 101 215 0 78 6 228 219 50 68 216 58 131 145 122 190 90 255 171 119 142 75 151 14 180 170 
41 241 24 67 81 29 114 252 107 97 108 76 158 146 76 180 176 24 66 120 215 186 152 117 47 221 5 110 74 2 203 142 
2 180 152 185 245 229 176 75 30 13 89 19 140 191 104 0 217 27 131 17 18 152 90 215 141 213 26 103 144 72 133 131 
157 79 254 229 34 10 127 178 52 226 118 194 255 39 147 99 118 244 61 238 232 212 37 46 230 235 103 128 37 241 33 96 
112 76 75 252 12 134 79 117 212 2 255 66 115 227 177 97 72 164 62 238 73 167 50 141 241 174 226 8 53 250 240 32 
41 253 48 67 21 159 226 188 111 96 104 76 242 88 22 180 152 40 82 127 207 184 89 63 39 221 1 114 74 11 90 142 
199 90 215 245 106 78 105 48 185 250 50 236 221 22 129 127 166 117 125 46 225 212 227 72 132 250 107 134 44 161 3 117 
130 202 11 159 52 193 63 103 30 8 82 66 180 210 32 96 250 59 19 129 102 156 2 127 229 166 186 128 20 8 49 137 
125 77 122 229 52 26 107 56 96 232 127 2 219 67 155 113 126 196 29 106 201 176 109 44 230 233 33 132 103 187 64 97 
254 52 181 242 169 125 88 218 187 251 181 121 142 253 77 191 143 217 245 17 171 103 250 192 155 218 89 255 194 253 15 247 
60 77 90 229 52 31 78 180 37 128 254 9 95 75 17 208 122 229 204 110 72 176 65 172 243 237 38 145 34 179 106 1 
203 223 94 220 111 148 124 55 237 74 118 102 104 58 182 245 230 163 182 238 229 187 38 237 54 123 242 138 63 148 232 13 
33 61 52 7 29 159 194 188 79 224 40 76 242 24 22 164 152 96 82 111 215 56 89 61 47 28 5 116 90 14 90 158 
74 48 148 190 73 253 16 104 155 91 161 25 190 255 108 219 133 185 255 1 55 79 154 209 147 114 91 59 154 108 11 147 
141 54 253 103 180 42 111 152 113 234 127 116 219 119 201 127 23 92 116 62 169 244 233 14 238 239 37 132 230 243 66 113 
120 189 156 114 248 237 81 255 179 189 172 25 55 247 66 16 129 187 205 16 58 75 218 55 251 199 53 121 224 192 134 234 
70 41 130 174 89 198 186 65 173 140 235 1 44 222 33 80 232 189 107 210 20 155 130 232 177 52 139 11 128 39 39 130 
237 183 249 102 244 59 95 185 115 187 189 120 91 125 220 51 31 214 84 42 249 102 233 14 126 223 101 244 231 234 194 49 
59 15 98 158 223 179 202 114 151 68 220 199 41 238 183 228 94 234 151 207 142 139 102 255 50 109 138 137 183 207 120 221 
73 156 181 81 249 127 37 191 118 123 54 88 190 53 192 109 69 30 126 24 179 120 115 23 109 223 117 244 154 216 133 249 
92 182 158 178 243 171 120 193 179 177 165 189 79 239 74 155 167 199 237 180 30 67 138 64 218 195 125 253 170 71 171 19 
118 251 226 48 219 217 150 200 171 149 161 171 42 204 103 158 239 243 219 211 94 107 234 242 59 84 13 127 231 127 214 86 
143 28 186 223 245 247 254 82 31 203 84 50 252 252 183 108 254 123 151 137 181 178 50 254 103 127 159 139 158 253 185 245 
7 24 242 223 247 183 254 87 31 203 86 246 236 254 183 108 127 123 55 157 181 242 34 238 46 127 191 130 159 253 177 245 
157 83 111 101 34 30 235 48 96 200 87 230 209 6 147 99 54 100 125 239 233 212 181 12 196 171 235 128 109 163 115 113 
72 182 62 110 37 15 112 49 105 27 119 125 255 59 8 18 134 147 236 8 28 173 129 135 195 255 112 1 66 128 206 11 
105 125 249 78 253 126 223 190 91 234 188 74 122 125 159 52 157 214 84 106 233 98 249 239 123 223 117 184 67 255 214 125 
88 121 27 228 18 205 67 112 164 224 174 8 183 151 67 32 58 252 76 234 73 155 176 44 241 197 33 48 98 163 39 122 
37 201 93 251 252 173 225 216 223 89 113 114 211 217 189 40 220 168 23 89 155 182 106 181 68 223 178 224 221 155 208 161 
198 129 205 189 205 120 100 43 187 215 131 153 199 172 90 219 67 198 233 17 55 111 247 192 156 51 215 125 140 108 252 86 
200 154 94 248 180 174 120 50 57 25 118 61 159 59 0 217 135 149 204 8 60 169 2 244 194 251 114 69 250 129 111 19 
89 131 251 231 54 138 107 52 108 129 223 214 255 43 176 98 102 231 61 205 153 153 165 239 220 237 186 128 45 130 33 41 
223 95 123 251 178 172 123 208 189 89 95 247 253 223 185 120 54 187 157 247 163 144 44 247 246 237 170 192 172 147 163 113 
199 220 191 190 45 100 125 184 222 250 17 116 252 254 248 107 133 67 127 15 165 69 186 241 201 26 255 190 152 115 129 119 
42 157 66 158 245 147 222 247 159 0 220 6 40 248 55 196 218 170 151 195 219 170 88 255 58 126 138 138 31 143 120 157 
223 22 238 254 172 34 233 81 212 138 215 114 89 251 177 107 122 229 63 187 184 199 167 202 210 235 234 128 167 235 241 33 
185 22 233 229 52 46 207 57 81 234 191 238 211 61 145 35 126 244 95 173 169 244 229 142 246 207 227 148 45 234 80 113 
143 91 242 219 246 147 190 208 31 202 87 246 237 222 183 108 127 59 151 215 227 182 46 250 158 254 191 192 159 253 177 177 
118 212 143 54 11 95 22 232 183 250 131 63 86 252 107 106 249 245 253 163 109 71 91 50 145 199 77 151 217 127 44 87 
117 211 86 108 168 6 70 56 225 0 226 236 83 243 160 211 212 228 108 98 93 139 145 13 178 227 96 26 40 178 106 17 
60 113 255 100 242 94 119 85 96 204 246 40 91 183 10 50 58 212 244 104 89 243 177 8 115 237 36 5 227 178 230 243 
252 239 122 102 117 210 86 252 81 140 244 42 107 217 180 181 216 252 133 106 234 183 168 191 123 217 133 111 103 186 126 143 
184 110 98 106 53 210 90 240 117 140 246 34 59 219 177 117 120 252 149 234 232 183 44 191 242 233 161 137 39 151 126 43 
202 22 246 196 103 82 188 119 169 238 30 182 12 190 246 71 230 53 191 129 164 221 160 202 30 122 222 131 7 100 45 223 
253 55 233 229 172 39 79 63 16 234 158 254 157 63 209 99 79 213 29 175 249 90 245 138 234 217 239 180 44 248 208 113 
41 169 24 109 168 79 71 189 98 96 44 8 243 115 8 48 18 66 68 110 89 42 123 61 227 255 101 60 122 186 202 168 
2 9 130 143 149 213 186 65 15 5 89 3 172 222 55 196 248 59 147 209 22 184 18 217 37 52 138 139 148 14 189 142 
55 145 107 200 246 195 235 113 85 65 223 230 81 220 190 96 126 184 19 249 219 187 36 220 122 76 142 192 181 142 244 241 
2 137 3 154 84 131 170 103 20 1 88 2 168 202 48 64 120 43 19 129 18 186 2 253 32 36 138 192 21 10 185 136 
253 118 105 101 98 30 111 49 113 226 119 252 83 5 146 52 54 140 20 110 225 148 245 10 102 173 32 132 111 176 194 241 
89 157 63 252 149 126 85 55 233 73 238 4 127 115 32 115 224 246 124 40 249 137 177 173 243 251 66 2 42 96 224 42 
168 148 122 255 116 254 122 22 61 79 118 61 255 95 10 80 215 191 127 8 190 188 113 175 199 255 48 193 226 128 206 211 
95 62 130 176 187 50 94 194 163 250 130 237 77 238 67 155 167 229 253 245 15 67 138 160 186 193 239 239 170 245 42 87 
57 88 74 174 100 228 95 114 5 78 223 135 117 223 51 64 126 161 55 135 141 3 18 185 210 175 234 137 60 251 56 91 
42 48 150 184 201 237 176 67 143 219 160 25 188 191 100 155 205 59 219 16 55 79 210 194 31 86 90 107 202 76 171 155 
38 184 49 200 77 221 176 67 139 116 188 11 140 156 119 46 201 49 219 17 6 35 242 208 87 88 138 127 146 12 85 214 
51 207 106 158 118 145 207 246 212 65 216 231 49 172 182 96 110 234 23 205 207 139 38 255 48 44 170 136 61 156 240 221 
2 141 18 159 213 151 190 103 30 9 91 2 236 234 38 196 217 59 147 129 118 152 90 255 45 54 142 67 20 14 185 142 
9 133 27 255 180 134 107 55 124 9 90 66 189 243 48 96 241 42 30 136 115 152 49 223 229 191 178 64 16 130 225 40 
4 56 57 103 81 77 83 16 105 136 111 8 246 87 1 48 148 112 84 74 1 240 248 40 103 157 32 0 66 35 71 51 
111 168 98 26 221 245 216 65 203 85 173 11 40 200 126 148 201 171 211 149 22 43 254 245 31 89 137 123 83 15 222 198 
28 173 220 113 152 107 83 155 86 183 44 32 211 99 75 26 17 90 108 24 30 64 75 48 234 199 53 117 240 241 136 2 
106 178 179 208 123 253 185 87 155 93 20 63 172 158 102 42 175 59 215 145 151 111 178 211 95 85 26 235 210 4 7 223 
89 156 63 124 53 175 83 51 125 75 238 84 255 51 32 113 229 146 76 44 185 173 49 31 243 255 112 80 186 200 192 35 
147 89 106 216 86 151 189 71 28 64 86 163 60 158 183 96 110 185 23 149 231 157 54 222 55 44 186 138 53 156 57 221 
221 89 95 70 106 30 103 184 105 170 102 76 91 114 141 247 54 228 108 110 229 112 189 108 54 235 101 4 106 243 74 37 
214 109 215 103 224 34 106 70 41 179 171 216 133 43 85 26 163 207 121 223 10 214 205 98 156 152 159 2 229 243 99 140 
3 205 10 159 148 131 174 229 22 0 94 2 160 202 54 64 120 42 19 205 86 190 14 255 40 46 142 201 21 14 248 136 
33 177 158 216 233 173 176 87 143 159 176 93 142 185 100 154 207 59 251 17 178 111 82 208 95 151 86 110 200 72 171 139 
120 249 255 114 171 201 85 215 227 61 172 40 63 247 64 58 163 243 253 16 90 107 186 49 251 193 53 121 226 128 198 59 
194 191 230 149 99 248 184 103 185 223 94 183 172 174 246 143 166 63 183 133 244 220 130 193 7 50 218 131 7 68 29 223 
84 123 157 252 153 46 84 142 163 154 170 72 230 123 1 219 129 247 236 80 10 233 211 40 187 247 85 19 128 115 44 10 
100 113 57 103 112 76 115 152 120 168 100 8 246 87 73 48 148 92 84 106 1 240 249 47 231 157 33 0 64 179 70 179 
168 200 58 223 93 213 178 99 31 4 69 19 172 217 48 64 217 56 147 1 98 190 90 255 103 55 154 75 18 12 56 138 
41 243 32 35 53 159 226 188 127 172 62 77 242 8 94 128 152 76 70 127 198 176 89 63 238 93 37 116 74 142 218 204 
120 73 90 229 52 15 95 180 37 128 254 11 127 75 17 80 122 228 76 234 76 177 17 140 243 237 35 145 39 179 106 9 
136 182 191 245 242 238 49 23 62 255 86 53 156 55 66 91 167 63 255 16 176 220 177 66 207 247 122 195 130 192 135 251 
131 172 19 219 124 185 184 238 94 27 80 82 172 234 244 228 255 59 19 153 50 60 74 247 13 158 154 234 150 136 161 173 
109 249 24 65 241 30 98 216 106 168 108 76 158 18 71 48 148 76 70 124 215 186 176 76 110 189 37 100 72 2 203 133 
41 227 40 33 116 159 227 248 124 44 126 77 195 8 154 16 152 8 70 111 198 176 125 61 102 221 33 116 66 142 90 197 
95 171 131 176 171 179 92 199 163 248 136 237 15 174 67 154 167 165 253 181 15 75 130 144 186 197 237 255 170 116 42 87 
19 22 195 133 119 18 184 99 92 234 82 247 76 40 182 228 254 37 158 165 165 189 5 206 30 118 186 130 15 44 57 221 
217 22 233 229 36 47 109 63 93 234 191 254 215 61 209 35 126 212 93 44 169 244 229 138 246 207 247 176 236 232 80 121 
2 137 131 153 213 167 170 79 30 1 88 2 228 234 32 64 248 42 34 144 18 186 27 253 61 54 159 74 149 74 241 142 
0 180 24 185 181 239 177 75 30 1 88 19 156 191 40 64 217 27 131 16 18 184 80 215 205 215 154 103 144 74 165 131 
88 8 31 248 32 172 120 146 191 89 246 9 159 159 1 216 167 183 253 92 14 45 18 244 203 251 114 64 250 129 107 25 
36 161 122 137 92 35 170 72 86 1 121 10 0 200 60 0 120 136 19 177 146 50 90 213 28 12 139 108 221 11 112 128 
72 178 159 124 53 142 120 83 169 9 119 93 159 27 0 144 167 181 236 0 31 41 131 135 195 255 32 64 74 128 74 19 
47 54 96 192 231 125 221 219 73 127 125 254 11 29 222 188 31 155 151 190 147 54 254 210 87 95 209 239 255 207 222 245 
2 221 26 189 85 197 190 231 28 0 88 3 172 222 49 64 216 59 147 193 66 186 82 255 101 53 142 139 21 24 53 138 
219 86 122 230 39 84 95 52 237 78 151 181 79 159 159 247 166 245 253 239 237 133 177 226 243 249 234 131 46 247 45 119 
0 137 3 139 84 195 170 97 142 1 89 2 232 194 40 192 120 43 2 192 18 186 8 253 36 36 138 73 20 10 49 136 
189 167 253 101 228 59 95 185 123 178 189 248 91 105 220 59 63 198 84 42 249 246 237 142 126 223 101 244 239 251 194 161 
198 148 190 26 233 252 177 135 187 95 35 61 140 254 110 91 135 23 249 17 183 79 178 243 91 55 90 239 208 68 167 87 
8 157 185 221 177 253 49 55 255 77 110 0 190 183 2 100 129 58 170 24 19 184 114 191 239 247 22 66 146 72 133 251 
204 150 189 255 170 103 181 248 222 255 21 116 92 255 233 107 183 87 191 35 177 69 187 211 83 155 127 174 156 241 37 115 
183 182 237 253 254 3 203 250 87 235 214 246 113 233 252 33 127 206 55 173 169 246 239 191 94 239 255 188 255 232 112 177 
118 49 237 164 139 104 17 9 171 249 147 187 210 60 75 91 97 212 253 49 31 99 255 192 153 114 119 255 160 109 20 86 
162 188 191 58 253 237 177 199 187 95 104 29 46 252 110 24 169 59 243 17 54 111 178 119 125 23 22 107 208 76 247 255 
133 85 125 103 52 30 230 184 108 232 243 68 211 120 153 35 26 68 92 111 237 240 125 12 230 235 97 20 76 187 90 1 
223 28 242 118 35 124 91 18 185 222 191 189 78 255 207 255 167 213 221 54 165 69 184 234 211 249 96 187 174 245 13 87 
151 166 255 255 190 34 236 251 214 243 214 246 121 235 184 107 127 239 63 173 161 211 175 255 218 239 255 140 189 224 49 49 
255 120 244 116 105 92 92 152 185 250 180 185 79 223 215 191 135 213 253 79 237 103 250 194 211 251 117 191 110 181 74 83 
103 182 225 16 239 52 184 155 91 123 85 255 8 172 222 238 223 78 182 29 151 126 239 210 14 30 213 238 143 205 216 213 
91 189 123 120 40 188 88 23 175 105 222 233 191 159 150 116 166 191 253 141 159 217 231 241 210 253 48 218 46 132 163 127 
123 123 121 105 57 159 223 93 15 104 188 237 62 28 151 52 158 189 253 77 205 187 225 190 247 221 33 178 79 158 82 127 
103 50 192 16 237 185 184 139 27 123 29 253 8 140 222 158 167 138 166 149 151 82 238 209 30 22 221 239 159 197 218 213 
255 116 244 240 41 61 88 218 187 251 181 57 14 253 223 191 143 221 253 17 174 103 250 194 155 219 85 191 206 245 74 215 
120 188 156 114 248 237 81 255 179 189 172 57 55 247 66 16 129 187 237 16 58 75 218 55 251 199 53 125 224 192 134 107 
102 246 242 18 235 240 144 200 171 255 181 189 12 222 207 30 167 217 239 147 134 71 174 192 26 16 95 255 199 119 47 87 
118 86 175 60 42 123 19 216 167 254 147 107 94 252 201 123 253 213 255 163 141 71 235 144 153 34 109 151 177 127 53 119 
35 17 228 137 87 19 184 72 22 64 84 167 136 204 182 36 126 25 147 229 132 178 103 221 6 8 139 135 23 44 57 245 
109 189 237 77 252 63 207 191 91 251 188 106 251 124 159 39 221 198 116 109 255 122 237 191 111 255 229 180 223 252 210 125 
90 159 91 222 178 193 63 247 189 4 94 231 109 231 160 97 38 179 143 128 243 153 36 255 250 167 46 195 53 132 165 57 
43 157 66 222 245 151 254 247 159 5 92 38 40 234 183 196 222 234 151 193 214 171 106 255 58 125 138 139 31 143 120 223 
126 244 243 82 235 125 84 208 235 255 53 61 14 252 79 30 135 81 245 19 132 103 186 226 91 95 85 255 194 119 207 87 
42 41 82 252 81 128 250 70 173 132 248 3 44 219 37 208 232 251 135 208 74 171 2 237 49 244 10 11 81 3 103 138 
125 77 122 229 52 26 107 48 101 160 126 2 91 3 147 112 126 228 29 106 200 176 101 172 230 233 33 132 103 187 64 33 
221 195 127 254 52 160 107 176 164 73 215 214 255 203 184 98 126 231 61 207 155 183 173 239 240 233 170 192 45 131 161 33 
66 203 145 190 93 133 16 174 143 25 200 73 164 202 96 80 192 11 107 1 6 11 210 241 165 52 154 58 16 24 145 14 
83 201 67 212 2 150 110 247 177 66 210 194 57 231 180 245 102 229 61 206 233 159 166 237 176 234 238 128 47 176 176 56 
31 91 251 251 182 147 127 208 31 206 84 102 125 202 183 104 127 251 23 219 231 179 46 254 190 239 175 128 189 251 181 209 
59 15 98 222 253 179 206 243 213 64 220 231 107 232 183 228 90 234 151 205 159 171 46 255 50 125 170 137 191 207 120 221 
239 90 237 83 237 125 253 146 89 254 52 189 218 61 215 191 143 208 247 94 245 116 119 226 78 91 117 242 207 253 222 117 
3 62 170 157 247 244 190 71 61 77 92 135 172 158 54 228 255 59 147 133 150 152 52 235 39 126 154 131 133 86 189 223 
3 28 243 223 246 243 191 95 31 203 86 114 252 254 181 96 255 123 23 153 179 184 34 255 47 62 191 138 151 252 177 221 
110 240 176 66 237 125 85 217 67 127 61 13 74 253 111 190 153 198 228 18 142 35 186 145 91 95 85 127 243 127 206 87 
113 76 203 254 68 134 79 244 212 2 254 66 51 243 177 98 104 228 62 202 73 167 48 168 113 168 230 8 53 250 112 40 
217 78 127 109 36 62 79 184 229 10 246 66 123 121 185 123 122 196 108 234 201 181 57 232 211 235 226 0 127 243 96 40 
0 92 42 221 86 198 189 71 28 6 82 3 181 158 54 64 254 59 19 129 102 156 48 79 101 166 186 128 20 8 53 218 
7 157 243 221 246 151 186 215 223 201 82 247 236 254 180 108 255 123 55 157 183 186 38 255 46 126 159 202 159 252 177 213 
55 193 107 234 87 199 235 97 213 64 205 2 17 205 52 96 120 184 19 249 91 187 52 220 123 76 138 72 53 10 240 240 
235 219 122 223 102 16 190 244 93 74 117 246 104 250 182 228 126 235 182 195 229 190 14 227 22 123 242 138 63 190 105 157 
120 185 251 114 187 201 81 215 163 149 172 40 63 247 64 50 163 243 237 80 90 107 186 49 251 205 53 121 226 128 134 59 
222 114 254 103 171 120 187 144 169 223 159 183 76 63 223 63 166 87 253 71 133 197 187 224 87 123 122 211 231 247 47 87 
165 205 93 251 172 169 239 220 78 50 248 238 179 201 253 40 219 138 94 91 203 38 75 179 228 217 167 252 213 219 208 169 
217 93 95 68 242 30 111 180 105 232 110 76 91 114 133 119 54 228 124 106 229 208 181 108 54 235 101 0 42 243 232 45 
60 113 123 100 179 78 87 84 224 204 254 40 91 215 10 48 58 244 212 122 73 227 176 10 115 237 36 13 99 178 230 243 
222 150 246 225 164 34 252 23 245 155 214 118 89 171 248 75 127 215 63 185 185 221 145 194 218 235 254 196 175 240 241 1 
10 205 18 159 213 151 190 231 30 5 91 3 236 250 38 196 217 43 147 129 118 152 90 255 45 54 142 67 22 14 177 142 
23 91 99 216 214 147 174 243 133 204 220 231 41 204 183 164 110 251 151 215 213 187 36 236 58 76 174 192 111 157 249 221 
16 92 27 175 52 135 43 118 20 0 90 70 245 67 32 64 122 57 19 168 0 152 17 31 229 166 170 128 52 10 53 40 
196 176 157 250 138 225 17 75 174 19 161 56 148 215 104 123 227 147 107 144 51 71 154 81 217 129 90 127 144 64 167 51 
184 254 122 88 119 147 214 244 209 140 116 171 43 217 182 21 78 248 135 106 238 190 64 191 114 217 37 171 119 154 126 139 
2 25 34 137 85 197 186 64 15 5 88 3 172 222 39 68 220 43 147 209 22 186 16 253 39 52 138 11 20 15 53 222 
43 183 120 83 233 245 157 93 75 127 61 253 152 28 222 188 143 27 215 149 215 126 254 243 111 93 180 255 223 198 222 247 
0 204 27 171 52 195 187 111 30 65 89 3 245 220 32 64 250 59 19 1 82 184 9 63 236 133 170 64 21 10 177 139 
126 183 180 162 139 120 87 170 161 55 141 169 78 109 75 159 151 215 237 51 28 67 171 224 187 211 93 255 166 103 142 87 
221 93 95 68 234 30 103 180 97 200 238 68 123 115 133 119 54 228 124 106 233 209 181 109 119 235 101 0 42 178 98 41 
2 170 246 153 111 201 176 71 158 61 80 243 140 158 100 201 231 57 163 17 18 124 2 209 20 17 122 235 21 12 13 139 
118 233 226 0 219 217 150 226 139 164 168 171 44 236 119 148 251 241 195 211 70 43 142 248 59 84 15 63 119 63 63 198 
32 156 123 229 116 239 123 178 125 75 122 125 255 127 16 16 151 255 127 40 185 184 81 47 231 255 32 192 192 138 198 211 
9 133 31 237 180 134 111 55 100 9 110 64 249 115 48 224 112 162 30 136 83 152 17 223 229 175 178 64 18 130 224 40 
2 26 187 149 98 162 189 87 62 207 82 247 188 190 230 72 167 59 179 129 212 220 48 194 4 22 250 130 12 64 165 219 
216 157 63 252 139 236 85 39 249 88 238 16 62 63 32 115 226 247 188 0 121 75 178 237 243 251 82 91 26 96 229 59 
3 63 234 148 242 176 184 71 140 205 90 231 44 174 182 128 166 59 151 149 150 153 36 207 58 5 190 131 141 76 189 223 
99 48 158 152 105 173 176 91 143 153 241 29 156 251 110 138 205 51 251 16 22 79 210 193 31 22 90 122 216 12 43 131 
2 205 10 155 148 131 174 231 22 0 90 2 96 202 50 64 89 42 19 201 114 188 2 255 32 38 142 193 21 26 184 136 
184 94 110 94 119 211 127 240 245 140 116 34 59 209 183 181 106 248 151 234 232 182 36 191 114 107 160 129 119 191 126 237 
18 207 98 142 118 131 174 246 20 65 90 227 41 238 180 64 126 171 151 197 194 153 4 255 48 44 174 192 53 158 177 217 
121 171 20 97 185 159 84 39 47 173 170 12 143 50 192 144 128 166 236 16 28 137 65 28 170 215 37 85 138 8 200 11 
207 118 233 71 226 126 127 148 57 255 31 252 223 53 219 191 23 212 253 62 161 212 237 130 198 127 117 180 174 247 135 113 
10 205 2 155 213 151 190 231 31 5 88 3 172 250 54 196 217 107 147 209 118 152 24 255 45 54 158 195 150 30 189 206 
162 169 32 218 77 213 176 230 159 20 196 16 168 222 52 229 200 58 179 193 66 47 114 245 7 24 154 123 18 13 117 238 
115 201 67 222 68 132 111 244 177 66 210 194 49 199 176 229 108 239 61 206 201 143 182 237 49 170 254 136 45 176 240 56 
130 188 187 250 249 237 177 199 187 91 80 29 172 253 110 8 165 27 243 17 179 109 178 247 77 23 30 235 216 76 135 251 
130 172 16 219 117 185 248 206 94 19 80 18 172 202 124 224 251 43 51 153 38 124 78 247 12 150 154 105 148 9 169 140 
152 17 31 173 182 66 79 53 36 8 222 34 247 23 32 65 118 181 29 235 121 153 1 13 225 225 170 128 36 162 165 43 
49 162 207 253 126 3 201 251 86 250 210 230 113 233 240 97 127 204 54 172 169 254 239 159 92 175 255 252 189 168 112 177 
8 181 17 169 181 231 177 75 30 13 89 3 140 191 32 68 217 27 131 16 18 184 81 215 205 212 26 103 146 14 165 131 
222 18 253 245 170 103 189 25 30 255 151 246 221 127 201 107 55 93 255 179 177 212 235 194 95 227 127 182 173 225 165 115 
47 54 224 65 231 123 250 210 89 239 125 190 8 61 215 188 127 156 151 190 149 54 237 194 22 94 209 231 239 239 90 245 
184 202 126 92 126 147 214 246 205 12 244 227 43 141 182 1 110 240 135 67 224 175 6 191 50 203 32 147 119 152 124 139 
154 159 67 156 82 133 61 119 149 76 222 231 41 167 178 197 102 179 159 228 233 139 54 223 114 99 186 136 63 132 165 121 
66 159 63 180 243 216 52 167 185 77 30 189 172 190 38 80 167 115 253 1 118 137 34 239 250 119 30 203 134 84 135 95 
53 167 253 101 230 43 125 123 121 178 190 218 91 41 213 59 63 206 84 44 185 246 229 14 254 207 101 244 231 232 194 161 
176 219 126 252 62 209 214 246 212 140 244 34 51 157 52 33 234 112 151 67 232 173 34 191 115 203 38 145 117 24 244 139 
120 188 28 114 248 237 81 255 179 61 172 57 55 247 66 16 135 187 237 16 58 75 202 55 251 199 53 121 224 192 134 43 
40 107 97 1 116 11 227 101 104 236 124 137 131 8 151 16 24 12 70 124 216 184 229 14 108 29 37 101 70 190 86 232 
10 20 115 202 215 245 171 82 85 1 93 66 40 191 165 236 126 186 146 152 147 186 48 219 23 124 154 10 151 207 117 165 
124 73 114 101 101 90 94 112 97 160 254 10 75 11 149 54 122 228 76 234 200 179 161 204 243 249 1 16 103 187 98 32 
241 76 247 254 76 196 71 182 196 2 252 2 51 241 176 100 72 224 62 74 105 175 114 171 113 174 230 24 51 248 240 40 
70 18 237 213 170 103 185 24 166 255 151 255 217 127 207 107 127 213 255 163 153 195 239 192 95 35 235 150 173 241 21 115 
203 66 226 158 101 20 236 80 153 90 85 214 104 202 191 239 254 201 183 143 228 215 150 194 22 122 218 139 31 253 121 197 
222 30 254 222 107 116 191 210 169 222 159 183 76 254 111 255 231 85 255 227 132 71 186 224 19 121 203 159 134 119 45 87 
42 161 88 232 253 73 80 239 7 61 253 57 11 155 76 80 217 154 135 48 90 26 202 149 223 221 149 127 179 138 222 130 
194 180 191 186 249 236 184 199 187 91 81 61 156 255 108 26 167 27 243 17 179 77 154 243 77 54 90 239 136 68 167 243 
144 73 30 165 180 198 191 53 164 196 222 3 245 63 34 65 226 55 29 227 124 137 17 44 225 225 234 193 36 24 181 90 
157 222 111 250 160 38 127 248 54 218 245 214 93 111 185 121 127 217 31 255 233 199 43 254 251 203 239 140 189 243 33 241 
43 221 98 158 119 151 254 230 31 69 92 39 40 252 182 196 222 106 147 197 198 186 58 255 54 125 138 139 23 15 120 222 
39 219 202 207 116 148 190 209 95 74 125 230 121 238 191 228 254 123 182 199 197 150 44 251 38 125 138 138 31 255 248 149 
3 157 106 139 182 246 190 71 14 77 88 167 189 254 54 96 254 59 147 149 214 152 52 255 47 45 174 195 149 66 189 223 
41 167 253 101 252 59 221 191 91 251 62 106 147 57 150 34 159 198 117 45 255 248 229 159 110 255 245 244 229 248 210 233 
40 225 88 234 89 193 210 237 15 5 252 11 42 219 44 16 216 155 135 192 74 170 82 221 115 253 18 107 113 10 238 138 
124 121 123 126 123 204 87 112 240 200 244 8 127 215 1 48 186 240 213 106 73 227 178 14 243 237 37 25 99 178 102 243 
157 95 227 255 182 151 111 208 22 200 82 230 125 207 177 96 126 235 23 223 235 179 46 255 250 239 175 128 63 255 49 241 
93 24 247 109 68 110 107 24 109 202 250 70 95 59 53 254 122 228 110 234 137 177 177 200 213 234 98 0 107 243 96 49 
91 185 115 120 56 156 90 55 57 105 254 233 63 159 150 116 182 191 253 141 143 155 229 247 242 253 48 218 110 132 227 127 
253 207 107 250 188 162 79 152 244 74 247 118 211 203 185 121 121 200 29 255 235 135 106 191 242 235 166 204 188 211 240 33 
118 115 229 160 43 72 81 152 171 249 179 237 222 30 202 126 106 213 253 115 31 67 239 192 153 240 237 255 164 47 150 119 
121 68 115 101 54 26 111 48 101 192 254 2 123 3 145 244 126 244 20 238 201 176 37 142 247 237 160 128 103 187 96 41 
181 231 105 233 172 41 207 254 86 50 184 234 211 105 217 41 91 202 95 127 251 50 77 59 252 205 165 188 253 251 208 160 
111 90 228 85 239 24 188 151 75 251 22 255 8 44 215 191 39 199 254 29 245 124 245 224 30 90 93 166 207 252 218 125 
130 221 26 189 21 199 190 103 30 4 80 3 172 158 32 64 216 59 19 129 98 190 80 255 165 180 154 11 20 8 53 138 
38 97 98 202 93 133 138 200 78 4 249 10 64 200 125 0 88 169 19 243 130 51 90 241 17 12 139 238 85 59 112 132 
10 157 191 93 177 221 53 183 191 77 126 33 174 191 38 244 130 58 173 16 18 136 50 255 111 255 20 203 82 4 133 123 
130 77 31 253 14 230 172 119 172 130 218 66 188 179 33 67 102 39 42 136 65 153 19 236 245 170 234 128 4 112 33 40 
43 143 106 158 244 147 206 247 215 72 220 167 169 236 183 224 94 234 151 197 158 170 110 191 42 125 174 137 31 207 248 205 
95 52 242 242 235 124 95 218 169 254 189 173 78 127 79 190 183 215 245 55 148 67 186 226 219 95 77 191 198 247 175 87 
123 61 113 100 126 155 218 126 59 232 188 237 191 157 148 48 190 191 93 77 201 187 229 222 178 221 41 186 111 134 67 125 
38 225 66 138 93 129 170 200 142 1 121 2 228 200 120 196 88 40 19 211 2 35 10 253 21 20 139 105 85 11 113 128 
102 114 250 2 234 112 190 200 171 239 57 175 76 254 207 26 191 217 215 147 134 3 174 192 30 20 15 175 197 119 167 215 
131 156 251 223 244 167 186 87 31 201 82 242 252 222 180 96 255 59 23 145 179 186 34 255 46 62 158 202 149 204 185 253 
185 90 110 92 38 147 255 246 213 76 244 162 41 156 183 101 110 112 150 202 236 175 38 253 114 107 160 131 119 156 124 237 
17 162 239 253 62 2 201 249 214 241 210 230 121 235 248 107 127 237 62 172 169 211 175 221 216 239 255 140 189 168 112 177 
228 116 57 101 113 79 115 56 120 168 103 8 214 87 9 48 148 92 84 106 97 240 249 14 231 157 33 20 64 179 71 163 
34 153 2 137 213 133 186 198 15 1 88 3 172 220 55 196 220 59 147 209 22 186 80 255 37 20 138 107 87 31 177 158 
18 15 106 188 150 162 189 119 132 0 90 163 57 175 177 64 110 187 23 133 128 153 4 207 240 173 186 128 181 216 181 136 
72 188 19 237 180 174 107 183 61 73 122 64 255 55 0 80 151 127 124 40 49 184 209 47 229 255 34 192 200 130 195 57 
88 8 27 248 33 204 88 18 187 9 178 25 191 155 0 88 167 165 125 28 30 109 130 144 203 251 50 216 130 128 67 11 
192 160 157 251 136 229 17 15 182 31 225 17 181 215 72 91 197 27 105 144 58 76 235 17 205 163 122 125 144 64 165 226 
141 85 44 103 20 14 111 184 116 234 255 68 211 121 153 97 88 196 92 111 237 176 93 14 229 171 103 20 105 187 80 16 
18 159 106 190 178 224 189 119 172 69 94 231 61 174 178 64 38 59 151 149 150 153 36 205 248 37 190 192 165 196 181 217 
9 133 30 233 245 182 98 51 116 9 111 0 253 51 40 224 208 42 138 152 19 184 81 223 239 253 178 65 18 138 248 32 
51 223 106 190 62 129 207 246 212 72 216 230 49 171 176 96 110 234 23 205 203 139 6 191 112 44 170 136 61 152 240 185 
35 225 41 216 221 133 205 223 71 65 236 14 176 137 52 32 204 138 19 141 203 42 114 181 103 28 154 56 91 88 240 184 
248 249 250 114 187 221 81 215 163 89 164 56 63 215 66 50 163 243 237 80 90 75 186 51 251 201 53 121 98 128 174 59 
177 223 75 236 28 134 79 246 197 72 252 102 113 195 177 97 92 224 30 238 233 171 118 253 240 233 162 136 61 186 112 56 
93 55 249 231 164 46 127 182 105 235 191 124 159 63 208 114 167 214 125 110 153 248 249 162 239 223 246 176 140 251 209 121 
179 219 99 220 212 151 238 247 133 192 212 199 57 140 54 36 110 251 147 205 221 171 54 239 51 8 142 136 63 156 240 220 
219 184 214 227 166 84 249 183 63 123 150 54 188 62 246 235 231 215 191 149 179 221 177 226 158 127 254 198 143 192 185 25 
218 110 222 188 106 160 61 198 169 142 222 163 44 175 167 83 230 127 175 193 96 79 130 235 246 225 254 139 36 117 47 219 
170 249 98 204 213 213 254 229 89 76 92 7 40 156 55 228 220 234 147 213 198 186 52 255 47 28 142 171 87 30 252 222 
15 54 233 65 246 59 233 30 123 255 61 254 217 44 223 172 63 93 151 189 181 112 237 210 14 95 255 228 239 215 211 245 
90 123 254 124 115 208 27 66 169 140 254 161 44 191 167 90 166 245 253 194 8 139 162 232 211 247 122 139 231 117 39 123 
83 250 3 176 171 145 72 231 171 248 128 237 142 142 71 182 167 167 125 149 77 75 132 216 184 208 159 242 44 20 35 125 
124 255 248 229 181 95 127 184 49 238 254 45 223 127 11 48 223 221 237 98 236 242 249 138 255 255 37 53 98 255 206 115 
170 209 48 139 213 151 190 239 31 5 88 19 172 220 62 132 220 27 147 209 118 186 80 253 47 20 142 107 23 28 253 222 
214 28 150 157 11 118 184 10 189 150 146 147 204 126 63 207 231 117 251 163 36 197 19 202 129 178 219 135 6 117 45 23 
43 189 115 104 116 155 250 119 121 104 126 237 191 29 148 48 190 191 87 109 195 186 164 255 54 253 32 162 111 134 195 253 
123 189 123 248 112 152 122 87 121 73 254 233 191 159 148 112 182 191 93 141 155 155 164 255 186 253 58 234 111 132 227 125 
254 120 246 244 111 124 216 66 251 255 180 25 14 158 87 159 175 245 253 19 164 103 146 224 147 219 95 187 207 117 79 223 
120 191 92 114 186 233 87 255 179 61 172 57 55 247 66 16 167 251 237 16 122 75 138 55 251 199 53 121 224 192 142 11 
2 188 179 186 219 229 177 207 158 95 88 21 188 255 108 8 173 59 243 17 51 111 154 243 93 22 30 235 216 68 167 251 
190 203 102 154 109 209 222 232 197 92 212 167 74 204 191 205 232 128 167 231 204 35 46 245 18 89 194 203 23 159 124 199 
194 180 177 186 251 229 185 223 187 91 80 61 156 255 108 10 165 27 243 145 179 79 154 243 93 22 94 239 152 68 167 251 
38 233 66 138 93 193 162 200 159 4 121 10 44 200 61 132 216 249 130 211 66 34 26 255 53 20 139 43 85 31 124 134 
130 221 31 189 21 199 188 103 28 6 82 19 180 159 48 65 248 59 19 129 96 156 16 255 229 54 154 3 20 24 181 138 
120 69 114 68 87 122 78 112 97 160 254 10 107 27 181 116 122 228 6 234 200 179 37 204 115 253 128 19 103 186 102 44 
42 57 97 69 85 91 227 119 49 224 238 138 163 12 20 180 88 140 194 97 201 186 245 14 45 4 128 48 103 140 86 254 
66 223 123 180 243 192 189 231 185 77 88 175 44 191 38 80 166 115 183 65 98 27 162 255 255 119 126 139 4 20 167 251 
57 68 115 69 119 90 111 112 117 192 127 2 123 41 181 244 126 236 148 238 201 176 53 206 119 239 160 128 103 254 112 101 
2 137 6 137 29 131 170 97 172 0 218 2 236 202 32 192 248 45 107 225 80 185 17 221 181 52 138 82 21 10 49 134 
41 175 253 229 244 11 237 191 91 241 126 250 179 41 208 35 15 198 119 29 251 248 229 159 110 255 245 244 237 216 210 233 
237 206 77 249 172 10 79 190 86 18 244 244 243 99 185 121 91 202 30 254 233 102 107 62 236 235 231 156 188 249 80 33 
93 17 211 229 199 110 101 83 105 192 122 70 31 179 129 254 106 189 38 168 153 186 177 200 149 248 66 0 235 225 227 177 
79 115 239 229 168 78 189 152 166 252 151 207 217 111 209 107 76 213 127 239 137 209 251 192 223 59 239 148 143 179 21 113 
162 149 96 219 213 215 188 239 94 93 216 3 168 156 62 197 204 59 147 225 246 170 116 221 47 88 142 227 23 12 253 222 
79 50 253 245 234 38 57 24 23 251 247 246 221 127 201 107 87 213 127 190 177 212 251 192 79 251 255 132 175 225 5 113 
126 115 101 160 40 72 19 152 171 252 182 237 223 30 201 54 110 213 237 115 201 67 237 192 219 208 175 255 38 191 23 119 
154 221 38 189 13 214 156 228 156 222 146 147 233 30 55 195 238 113 155 227 228 205 19 255 161 123 222 147 23 28 61 222 
42 221 98 158 117 211 190 230 31 68 92 163 44 236 54 196 254 107 147 197 198 186 46 255 63 125 138 203 23 14 125 223 
171 165 48 234 221 221 212 237 79 113 173 24 142 24 94 181 201 146 219 49 127 43 90 151 191 217 148 127 90 14 218 222 
27 95 98 253 182 147 239 119 87 192 222 230 59 238 177 96 126 171 23 141 235 187 36 223 242 239 175 128 63 252 48 249 
211 93 111 190 100 192 109 119 133 70 222 135 49 190 178 97 110 163 63 205 237 143 52 239 240 46 250 136 61 156 48 92 
8 177 16 233 181 247 50 79 31 41 93 2 140 151 96 132 217 27 131 16 19 184 81 215 143 213 26 103 146 78 173 179 
113 216 115 220 108 192 71 246 212 2 244 98 51 243 177 100 74 232 54 74 105 175 114 171 112 174 230 8 55 185 112 40 
6 172 146 155 229 185 186 202 30 19 89 18 172 202 121 200 251 43 35 147 38 126 74 243 12 22 154 107 149 75 41 142 
52 115 249 64 252 115 211 216 67 172 189 106 83 93 253 52 92 152 6 120 138 50 109 152 95 141 165 253 247 187 70 165 
208 219 63 191 46 6 93 181 164 26 214 247 247 31 48 67 102 213 61 235 232 197 3 45 240 227 238 128 52 176 165 59 
43 143 106 155 244 147 255 247 31 69 92 167 169 236 182 64 222 106 151 213 214 170 108 255 110 63 174 201 23 142 252 221 
11 140 242 221 119 179 168 103 223 193 90 194 172 250 180 228 255 43 51 157 147 184 18 223 44 62 154 194 158 12 49 132 
60 179 121 107 252 207 211 249 71 13 253 108 83 221 174 16 220 154 134 48 154 34 104 21 126 205 33 253 123 138 230 243 
120 48 26 248 41 172 88 19 171 9 182 24 191 155 0 24 135 181 76 24 26 7 130 146 211 253 48 217 226 128 70 3 
38 63 251 196 226 164 190 210 59 202 120 235 12 255 245 48 191 251 151 147 148 50 140 226 31 28 15 170 229 247 39 215 
57 89 107 238 60 134 79 117 212 200 246 102 113 131 177 97 76 228 30 206 233 171 116 189 242 235 162 136 61 186 112 121 
56 94 126 252 46 131 150 246 196 14 240 231 43 141 181 0 110 241 135 67 201 175 6 191 114 239 98 153 125 185 124 153 
11 156 243 221 117 167 184 103 31 3 90 18 188 222 52 100 255 59 19 145 179 188 50 223 45 62 154 194 151 140 177 169 
2 205 2 155 213 215 190 231 31 5 88 3 172 250 38 196 217 123 147 209 118 184 26 255 45 54 158 67 150 28 189 206 
130 89 159 253 134 198 45 119 188 138 82 2 188 179 33 72 230 63 63 136 64 153 19 200 229 162 254 128 4 112 161 40 
55 226 232 218 78 49 202 216 86 115 181 254 81 200 255 41 91 200 55 255 158 102 111 144 94 15 227 252 253 187 112 196 
109 85 45 103 4 14 71 184 100 234 239 76 211 113 25 115 88 196 124 110 233 176 89 12 229 186 101 20 72 187 82 48 
167 195 106 159 198 180 191 252 86 68 85 199 233 234 63 64 126 235 51 207 214 178 126 247 102 45 138 200 61 255 241 220 
78 124 186 156 207 244 191 194 169 198 140 7 12 254 103 222 231 247 187 211 148 3 186 224 87 119 207 47 135 119 47 87 
60 125 123 126 58 201 87 112 225 136 252 40 127 223 0 48 186 252 213 98 72 227 178 44 243 237 37 25 99 179 102 227 
75 218 247 247 229 116 187 148 63 121 23 54 236 62 218 239 239 95 191 151 183 220 169 225 159 127 254 195 135 143 189 93 
145 75 78 190 150 128 237 117 164 64 210 231 125 235 176 65 110 163 31 205 249 139 6 237 240 169 190 128 61 152 177 25 
184 219 127 254 60 223 215 116 197 76 252 110 123 213 163 224 92 178 134 104 233 187 96 189 242 201 32 146 114 154 84 251 
248 252 122 122 187 221 81 246 179 93 164 56 63 215 66 49 163 251 237 80 106 111 186 55 251 201 53 123 98 128 166 123 
65 188 27 253 240 174 107 55 61 11 122 84 255 51 128 112 151 63 94 56 179 156 145 127 236 255 50 64 136 128 131 41 
49 207 107 252 62 129 207 246 196 64 220 230 49 169 176 96 110 234 23 205 203 171 6 189 240 172 174 136 61 152 240 169 
7 122 233 65 246 63 235 214 122 237 94 238 25 44 223 40 63 221 23 255 151 176 173 224 94 79 175 228 237 209 83 245 
49 162 207 253 62 3 201 122 86 241 246 230 115 137 176 105 126 172 62 172 137 254 103 157 220 175 243 164 125 168 112 185 
17 162 239 253 62 3 105 123 86 249 214 230 113 203 240 104 126 172 62 140 139 222 231 221 220 235 251 140 61 168 112 185 
208 176 156 187 136 237 81 159 182 55 133 17 215 247 74 91 193 19 109 16 58 77 251 17 201 227 126 117 144 64 133 98 
26 135 110 190 146 128 189 117 132 64 94 231 125 175 178 65 102 179 31 141 240 153 6 237 248 97 190 192 53 134 161 121 
19 205 2 158 148 135 174 230 20 1 90 3 97 234 48 64 88 42 2 165 74 186 16 255 161 38 158 0 21 90 176 136 
94 51 242 192 235 112 188 91 171 228 28 175 12 254 255 142 191 221 247 177 212 3 180 192 63 93 143 239 167 230 175 215 
23 163 232 171 254 144 155 89 6 69 221 247 217 236 254 96 126 139 23 189 159 10 47 213 78 45 170 236 189 142 176 213 
23 59 194 167 226 178 190 80 44 196 91 231 109 238 227 192 118 237 183 215 196 209 140 232 190 101 175 131 173 247 41 213 
130 140 132 147 227 118 188 167 190 247 82 147 140 46 86 207 231 87 187 149 54 220 219 226 45 50 222 199 132 84 157 223 
79 123 175 245 44 6 237 144 163 248 150 76 217 183 209 111 204 245 127 222 137 211 227 192 207 251 239 180 138 177 112 113 
6 6 115 201 116 251 227 75 95 77 125 50 138 196 254 108 217 8 6 24 146 180 100 215 13 28 18 110 146 143 117 229 
222 120 246 180 111 124 248 70 251 223 180 27 46 158 87 159 175 245 253 19 166 103 146 224 147 122 94 187 199 117 111 223 
120 191 90 126 250 205 87 247 183 13 172 41 119 247 34 16 175 251 237 64 122 11 10 63 251 199 37 121 112 194 142 139 
61 94 75 188 54 227 202 82 133 202 250 231 63 172 179 192 110 225 167 199 141 163 4 174 144 229 234 136 125 253 121 217 
45 6 253 127 228 38 111 155 119 250 247 116 219 99 153 123 95 204 54 190 185 246 107 74 79 255 247 132 239 241 98 161 
116 74 251 220 62 130 75 210 208 142 244 226 49 195 161 96 110 252 21 202 232 135 160 170 242 172 162 136 53 249 116 41 
83 79 235 188 102 194 109 118 228 206 222 227 49 188 179 99 110 239 55 205 200 155 36 202 240 41 250 129 37 244 52 253 
124 123 122 238 122 217 86 112 161 132 252 40 127 223 0 16 182 241 205 98 72 35 154 45 243 229 36 59 98 178 46 131 
169 206 221 253 172 11 77 182 87 178 118 204 183 33 145 107 79 230 62 78 233 252 97 60 236 219 245 180 60 249 80 41 
31 192 195 234 22 160 235 216 6 17 217 226 89 207 249 224 126 201 23 219 155 3 14 241 152 44 171 236 191 155 48 160 
130 76 22 157 45 247 188 98 157 158 210 19 172 94 55 207 201 49 187 131 100 237 83 255 5 18 218 131 22 124 61 207 
12 112 152 193 245 245 177 95 31 43 124 22 156 153 107 44 223 25 147 24 2 54 80 210 79 149 22 239 158 72 137 179 
38 168 154 155 77 161 186 200 94 23 121 3 172 202 127 8 249 107 163 147 6 54 74 243 13 22 155 111 149 11 125 138 
220 24 159 180 40 100 89 26 184 218 151 117 255 255 65 91 231 245 125 131 41 69 147 66 209 243 235 136 136 241 37 115 
10 221 98 139 87 215 190 230 31 69 92 3 44 252 54 196 250 43 147 193 198 186 50 253 39 84 138 139 23 30 189 223 
9 254 189 245 36 141 117 182 220 186 118 108 191 57 129 35 135 127 127 77 225 248 64 173 238 219 118 128 76 152 1 171 
43 173 106 232 246 139 122 119 121 1 124 202 59 143 148 48 126 191 23 140 219 186 68 255 118 253 178 192 111 134 226 137 
27 27 106 237 54 146 121 119 53 201 222 230 57 175 178 96 126 175 31 141 201 153 37 204 242 239 186 128 63 136 176 217 
57 34 239 237 46 11 233 91 86 241 214 230 51 137 144 104 110 172 62 156 137 252 103 157 212 235 242 192 61 136 112 185 
130 188 179 250 249 229 184 223 158 91 112 125 188 255 108 168 135 27 243 17 179 79 154 243 13 22 30 238 152 68 163 187 
45 181 60 235 157 127 210 169 95 125 173 28 206 125 78 25 217 138 215 50 62 98 121 149 203 219 65 127 210 79 218 82 
18 77 22 136 29 130 170 96 172 0 218 2 140 154 32 64 232 161 127 225 76 139 17 221 177 176 138 82 21 10 49 134 
130 223 107 188 122 192 189 230 189 70 88 167 44 238 39 64 238 123 151 197 228 143 182 255 112 53 158 139 29 20 39 219 
59 55 32 13 127 87 144 123 85 232 252 110 2 28 150 164 220 156 215 37 141 186 113 30 50 77 1 182 111 140 122 221 
56 77 114 78 85 210 214 112 97 128 253 10 107 249 181 52 120 252 134 234 204 179 52 206 51 252 129 11 119 187 126 134 
2 76 14 191 148 198 191 103 28 3 90 3 180 190 32 64 248 59 27 129 96 156 17 239 229 166 154 131 20 88 181 170 
53 55 249 64 126 27 223 89 67 236 252 238 19 204 245 36 94 220 6 122 201 50 237 138 118 141 37 188 127 251 86 181 
35 159 104 223 244 209 255 247 15 69 92 167 168 140 182 68 78 42 151 197 214 184 100 253 110 60 174 201 23 142 244 221 
2 217 139 253 150 198 189 231 60 3 90 130 188 191 48 64 230 123 59 129 80 152 16 235 229 38 190 128 4 80 181 186 
49 83 111 238 52 130 79 116 196 72 215 102 113 215 186 96 94 160 30 110 201 163 100 173 242 233 162 128 63 154 112 121 
61 179 121 105 254 11 211 216 70 104 253 238 83 93 189 32 94 152 6 121 155 50 109 157 126 205 33 252 125 171 100 241 
57 211 127 238 60 155 215 125 69 72 245 230 115 93 168 97 94 152 134 110 203 163 111 157 242 233 32 152 127 138 224 185 
3 137 114 153 117 150 184 71 29 65 90 2 172 142 52 228 250 59 19 153 147 152 16 221 47 62 154 194 156 12 177 141 
34 205 98 222 85 213 254 238 95 0 120 11 40 216 53 132 216 251 147 195 198 186 88 255 55 28 135 43 85 31 120 142 
88 48 30 248 45 172 88 18 235 25 180 88 159 155 0 26 134 149 76 24 26 111 146 145 211 249 48 216 202 128 66 3 
38 159 233 170 220 197 239 249 6 69 217 199 113 236 62 64 125 203 19 247 223 18 124 255 125 44 175 236 189 251 244 240 
28 130 193 234 158 35 203 216 6 1 217 226 81 235 184 196 123 200 23 255 155 163 15 181 216 236 171 204 191 139 112 160 
65 112 61 101 68 79 117 26 105 236 110 8 150 23 9 48 148 84 84 104 193 176 241 12 231 159 33 20 66 48 71 187 
2 141 18 155 213 215 182 231 30 5 88 3 172 250 38 196 217 123 147 209 118 184 90 255 45 54 158 67 22 94 189 142 
254 221 110 234 207 80 223 252 133 70 156 167 104 252 63 197 238 146 191 227 237 3 126 253 115 123 206 155 55 127 124 127 
90 188 180 178 139 253 52 143 191 119 128 25 172 190 70 223 167 83 249 145 54 77 187 243 155 211 95 123 130 84 135 94 
79 242 245 197 104 6 249 152 107 249 247 100 217 215 220 110 87 221 127 222 147 212 251 192 207 250 255 228 139 163 33 241 
120 252 123 122 59 237 83 246 179 94 172 8 63 223 66 49 163 251 205 82 107 107 186 53 219 217 21 123 98 1 38 123 
80 132 156 190 168 232 81 175 182 31 142 25 247 55 10 91 193 151 109 16 58 77 211 55 217 231 124 89 176 64 132 10 
109 93 21 101 52 15 71 184 101 232 239 76 211 113 25 119 16 68 124 110 233 176 121 12 229 254 101 20 74 187 82 48 
31 29 122 232 103 240 243 80 213 76 223 39 24 159 163 108 254 184 151 194 156 179 48 194 83 253 138 139 63 31 124 215 
49 207 107 254 30 129 207 247 132 64 220 230 49 169 176 96 110 234 23 207 203 171 38 189 240 44 174 136 61 154 240 169 
3 233 226 20 71 220 184 71 235 193 94 131 44 140 118 164 166 47 179 149 198 184 182 225 63 60 158 35 71 20 219 204 
122 17 247 76 109 127 248 89 201 236 183 47 10 156 87 191 238 149 255 160 141 99 247 192 23 120 209 191 103 172 86 119 
65 172 155 249 244 174 107 55 127 3 106 84 183 51 0 112 151 46 78 24 51 156 145 95 237 190 18 64 136 128 131 40 
124 105 90 238 26 205 90 96 161 132 236 9 127 223 1 16 182 241 77 98 72 35 146 61 243 229 33 57 96 178 46 2 
131 178 144 250 232 165 184 223 26 27 17 124 156 191 204 187 135 27 247 21 179 76 202 209 12 26 127 238 152 64 139 155 
10 217 34 141 85 213 190 231 31 77 92 3 44 222 54 196 254 59 147 193 214 186 50 255 47 61 138 203 23 12 189 223 
19 159 107 172 118 146 251 119 173 73 222 230 61 174 182 96 110 171 31 141 221 153 37 207 246 111 186 128 53 136 177 89 
23 91 235 210 118 198 191 208 173 200 254 231 88 206 183 98 254 245 55 223 133 177 52 234 58 57 174 128 141 247 121 245 
7 50 177 201 229 157 185 81 95 237 85 38 140 136 247 172 255 9 18 25 215 178 114 208 7 28 23 46 214 158 117 245 
120 255 26 188 186 141 86 255 178 44 236 173 63 247 2 16 166 251 237 66 94 75 138 63 250 231 37 121 40 176 142 27 
90 188 180 178 139 245 61 135 191 127 128 57 172 190 70 223 163 83 249 145 50 75 219 241 155 211 223 251 130 84 143 95 
93 93 94 164 54 162 106 114 133 192 218 231 91 167 161 66 126 245 31 238 185 147 20 206 242 233 171 128 175 185 56 17 
45 49 189 99 189 127 83 152 71 253 189 12 211 93 89 58 217 192 87 126 154 112 121 144 207 221 33 116 251 187 80 114 
51 77 114 76 85 214 254 114 85 64 124 2 42 217 183 116 120 232 134 202 204 186 52 239 51 124 128 3 119 191 124 142 
163 51 104 8 122 191 219 89 79 236 253 237 19 140 182 32 158 45 87 61 141 163 100 30 66 93 33 188 93 142 74 213 
65 122 191 229 108 158 233 146 238 232 182 76 153 159 213 122 204 124 127 220 201 95 227 128 207 217 175 244 10 177 66 57 
38 232 250 154 77 193 178 200 223 21 112 11 168 200 119 8 249 249 163 211 6 114 202 241 29 20 143 43 85 31 127 138 
35 173 106 201 246 139 234 119 125 1 124 194 57 139 52 48 126 187 23 156 146 186 20 255 62 124 146 192 103 130 226 136 
34 205 80 223 85 197 182 230 30 0 120 3 40 216 55 132 216 107 131 67 70 186 88 255 37 28 142 43 85 30 124 142 
146 94 106 188 82 166 191 102 188 198 216 167 44 174 51 64 238 123 147 197 228 143 22 239 241 39 154 139 21 116 37 219 
49 63 123 69 118 59 235 115 81 232 124 238 19 44 149 36 126 188 22 45 189 186 101 142 54 12 33 160 111 232 82 181 
222 52 159 180 169 102 25 23 187 255 130 17 158 191 64 91 197 55 253 145 56 79 147 194 219 243 254 219 128 96 165 115 
2 219 99 201 214 209 191 231 30 69 88 163 168 142 182 100 110 59 147 197 210 184 100 253 46 44 142 194 55 140 245 253 
0 205 31 191 148 198 191 231 28 7 90 18 181 247 32 64 248 123 27 193 114 152 17 191 229 167 190 0 16 88 181 170 
101 134 253 101 188 46 75 186 118 235 191 100 211 99 157 122 93 196 124 62 185 226 105 10 206 255 231 212 200 227 226 161 
145 90 45 173 46 207 89 48 132 108 151 247 215 31 177 97 6 49 93 111 233 133 37 28 193 131 235 148 52 169 21 113 
73 90 159 245 100 175 117 182 255 170 118 100 183 51 161 123 135 108 62 76 161 252 98 168 206 255 117 144 136 249 65 41 
66 73 19 136 76 130 170 96 172 0 218 2 140 154 32 64 232 173 42 195 64 155 2 253 181 48 138 8 20 11 49 138 
109 77 21 69 52 31 102 184 101 232 110 76 211 97 145 180 144 100 124 110 201 176 121 44 167 254 5 20 74 187 82 32 
242 120 246 188 111 84 220 70 187 159 176 27 46 158 87 155 175 245 253 131 230 103 146 226 147 122 94 187 199 117 47 223 
80 159 156 190 168 168 20 167 170 159 138 57 247 242 66 90 193 119 109 1 92 75 202 33 249 231 126 91 128 96 143 11 
2 141 18 155 213 213 182 231 30 5 88 3 172 248 54 196 217 123 147 65 118 184 90 255 45 54 158 67 22 94 189 142 
61 115 121 105 246 11 203 89 70 232 252 238 83 77 245 32 126 152 22 254 203 178 109 158 126 205 37 244 125 187 66 177 
64 49 57 101 64 78 117 61 105 168 111 8 222 23 8 48 148 20 84 40 193 176 241 8 231 189 49 4 66 162 71 59 
2 153 26 205 117 151 184 103 60 9 94 2 172 186 52 100 254 59 147 129 18 184 17 223 47 52 154 195 20 10 185 143 
49 211 115 236 62 2 79 120 69 72 255 230 115 65 184 100 94 128 30 110 201 163 109 157 240 232 162 152 63 187 112 97 
30 29 114 218 231 240 191 80 213 78 213 163 8 223 167 109 126 185 151 227 172 179 36 234 114 124 138 139 183 223 124 215 
120 189 123 122 43 237 87 246 163 95 172 8 63 223 64 49 163 251 205 66 42 75 186 53 219 203 116 123 98 129 38 123 
65 140 19 121 208 175 105 7 126 3 106 24 183 35 16 112 33 174 106 28 59 252 81 95 205 190 18 64 200 64 195 168 
49 207 75 220 30 129 79 247 132 0 216 230 49 235 176 96 110 226 23 207 203 139 6 189 240 44 174 136 61 152 240 41 
17 2 103 233 46 139 105 87 102 113 210 230 51 129 144 104 110 140 126 156 139 248 103 149 214 232 242 192 45 136 112 185 
117 79 111 238 62 130 79 112 212 192 223 230 115 233 177 96 126 228 62 238 233 163 46 142 242 239 227 136 61 187 112 33 
130 22 150 149 197 118 180 39 29 191 82 51 204 58 37 207 225 119 163 129 52 220 1 202 37 50 222 131 148 124 189 135 
34 184 161 90 205 253 145 207 155 119 160 25 168 252 110 25 201 155 227 17 22 110 250 241 95 18 221 123 209 76 214 222 
240 184 31 248 40 173 89 86 235 25 180 92 159 155 64 27 135 149 108 24 27 111 146 16 219 249 112 122 200 128 66 3 
202 145 122 248 115 196 57 119 49 77 100 51 60 151 34 84 166 187 147 144 50 155 48 215 123 253 18 203 58 132 173 91 
45 199 66 138 206 145 143 200 198 2 249 10 97 200 249 228 89 202 2 251 75 35 142 179 48 5 143 124 63 251 248 128 
125 197 65 229 244 62 79 184 81 226 126 206 83 97 153 180 93 204 22 239 233 242 253 142 124 239 165 132 111 255 218 112 
10 157 34 137 85 213 190 103 29 76 92 3 172 158 54 196 252 59 147 193 198 152 48 255 39 125 154 203 23 12 189 223 
88 255 19 188 187 139 94 247 183 200 232 237 47 166 2 144 166 255 205 197 77 11 130 63 176 229 45 187 40 52 163 91 
80 30 255 244 50 226 49 114 188 201 90 227 60 191 33 96 166 127 191 129 49 217 48 238 217 231 58 131 164 96 37 123 
101 175 181 101 188 14 75 187 238 185 186 68 211 51 152 51 205 68 124 60 185 233 233 12 236 251 103 212 200 160 66 33 
66 188 190 179 169 224 181 135 171 183 138 49 140 191 66 75 199 119 249 145 18 73 210 224 205 243 222 83 128 84 133 91 
98 73 19 142 92 193 238 100 141 0 216 2 36 218 33 64 232 169 14 193 72 171 0 253 49 52 138 10 21 27 49 138 
215 90 111 225 166 70 111 240 172 226 215 230 93 134 177 107 102 213 63 239 241 213 180 192 157 171 238 196 37 187 53 113 
19 155 106 216 118 130 233 119 45 73 94 230 57 143 180 96 110 171 23 140 195 153 36 253 118 109 186 192 63 136 112 249 
7 178 156 185 232 173 184 223 191 59 49 124 156 186 204 138 135 11 127 21 151 76 202 211 12 30 127 238 156 64 139 129 
177 54 104 105 122 107 219 91 92 238 245 253 19 204 151 49 30 41 87 47 165 38 100 30 102 205 33 184 125 233 83 209 
19 29 46 188 18 230 189 103 188 198 218 135 189 174 51 64 238 123 155 133 236 155 22 239 241 39 186 129 21 84 53 219 
167 59 113 137 102 29 254 80 89 202 112 231 136 156 247 164 222 249 150 231 133 54 100 194 6 28 163 170 95 255 125 213 
34 77 114 92 85 215 246 103 85 4 120 3 40 152 53 164 248 186 130 192 228 186 4 255 55 60 128 11 119 156 124 142 
53 119 233 69 164 27 207 248 67 232 188 238 211 109 221 38 94 204 84 110 201 50 237 40 230 204 165 180 109 251 82 117 
16 205 31 253 20 198 111 182 148 0 202 2 181 247 33 65 104 115 59 200 107 137 19 47 225 167 190 0 52 56 181 42 
34 205 56 189 20 199 182 231 30 4 120 3 164 248 54 64 217 123 19 193 102 186 80 191 109 135 158 3 85 24 253 138 
2 153 99 157 86 193 175 103 12 64 88 163 169 142 180 100 110 59 147 197 195 184 36 253 45 36 142 192 21 12 181 253 
34 233 114 202 93 193 246 228 203 20 248 11 40 220 101 0 232 249 147 195 74 43 218 253 55 20 139 43 85 27 118 202 
49 59 107 197 118 11 233 115 84 232 126 230 19 44 180 33 126 172 23 173 241 184 101 204 100 14 162 128 109 168 112 181 
1 49 57 101 85 79 97 29 104 105 111 8 214 21 8 48 148 28 80 40 193 176 241 12 103 157 16 4 64 130 199 179 
3 27 241 65 116 180 232 23 109 73 126 102 184 6 244 228 102 26 22 156 151 152 37 193 6 60 178 192 143 132 121 253 
57 215 97 205 62 11 79 248 69 104 216 230 83 65 184 228 126 140 22 238 201 178 101 157 48 232 163 148 63 187 112 113 
2 137 50 201 119 195 186 97 12 9 90 2 172 154 52 64 250 59 19 209 18 184 0 253 5 52 154 194 20 10 177 138 
117 101 105 198 212 23 79 248 81 226 253 206 83 104 219 164 93 204 22 238 237 50 237 190 62 205 165 188 127 255 250 244 
2 205 18 159 213 215 190 231 30 13 88 3 172 254 38 196 217 123 147 193 118 184 90 255 45 54 158 75 22 12 189 206 
120 233 90 110 16 205 83 240 160 12 252 8 51 211 33 16 56 248 69 202 74 35 136 61 243 237 32 57 97 179 102 42 
78 190 182 146 169 240 52 135 191 127 130 49 172 190 70 207 199 119 251 145 54 73 155 241 159 118 222 251 130 84 173 95 
253 71 111 236 30 2 79 112 212 192 199 134 81 235 185 97 126 228 58 238 233 163 52 140 242 235 194 8 61 187 112 48 
73 172 17 125 213 238 97 55 126 11 106 80 190 51 0 244 129 46 74 8 51 188 209 31 205 255 18 64 202 64 195 42 
84 251 151 190 168 0 22 140 174 153 130 101 231 226 65 210 196 119 236 67 79 73 139 33 168 227 127 154 136 114 43 27 
159 93 111 196 118 210 191 208 132 196 214 167 121 222 183 99 126 245 151 255 229 131 54 238 122 43 174 129 39 183 125 243 
120 185 59 122 171 205 87 246 163 89 172 8 63 255 64 50 171 243 237 66 10 75 186 53 219 205 53 123 98 17 166 123 
34 173 106 201 215 135 234 103 125 9 124 2 57 169 180 32 120 171 19 137 146 186 4 255 63 12 154 192 119 138 242 136 
190 89 122 218 118 210 186 64 213 76 244 163 105 223 183 237 126 185 151 227 172 167 38 232 50 249 234 139 55 191 124 247 
105 109 64 69 149 31 70 55 119 160 238 76 235 32 23 180 24 238 74 108 237 186 117 30 167 223 133 48 106 252 218 12 
27 155 123 252 118 132 233 119 165 73 94 230 57 159 178 96 110 187 23 141 211 155 36 253 114 237 186 192 61 136 33 249 
120 251 90 110 56 129 67 240 161 140 188 104 55 211 33 16 88 248 76 106 74 11 136 61 241 229 33 184 96 131 38 43 
90 127 26 148 50 218 63 230 188 196 206 165 190 182 163 116 38 253 253 199 68 153 164 110 240 36 46 131 36 53 47 125 
210 29 95 180 146 198 63 115 180 194 194 210 61 183 33 65 102 247 61 204 121 221 48 206 241 227 238 128 36 240 165 56 
10 141 34 137 85 213 186 103 29 77 92 3 172 158 54 192 220 59 147 129 70 184 48 255 39 53 154 203 23 14 189 222 
18 158 111 181 34 202 61 119 188 198 82 183 173 167 34 65 38 63 175 133 112 221 32 207 212 231 122 193 36 132 165 123 
171 83 224 141 118 19 250 120 93 232 240 239 41 44 183 165 126 137 151 229 237 54 69 202 54 88 234 174 127 189 120 221 
34 249 58 202 93 197 150 237 203 0 184 11 44 220 108 0 200 57 131 67 66 43 90 245 63 28 14 123 81 26 246 154 
50 205 82 142 85 129 206 103 13 0 248 11 32 218 52 80 248 187 3 192 74 186 80 255 51 60 142 11 21 26 240 138 
70 169 190 178 139 192 180 199 174 21 2 147 236 255 106 75 167 115 235 81 18 73 154 241 217 51 223 75 128 86 173 74 
144 205 28 191 28 199 151 230 148 4 216 3 183 121 49 65 200 115 11 193 106 169 83 191 225 167 190 17 49 24 53 10 
18 201 106 220 86 129 169 103 140 0 84 131 57 142 52 64 110 59 19 205 194 185 54 221 113 44 154 0 53 8 177 248 
181 118 124 107 176 111 223 214 116 111 255 253 215 13 155 41 143 23 95 127 249 180 117 46 231 207 48 212 237 217 214 241 
144 77 31 188 28 198 79 182 148 130 218 2 245 115 33 65 104 243 63 203 104 137 19 175 241 167 238 0 52 249 52 42 
53 103 105 69 244 11 207 249 80 234 248 238 83 104 149 32 126 204 22 238 233 178 237 14 124 12 165 180 109 250 210 173 
34 205 114 223 85 199 246 103 93 4 120 3 32 216 52 128 216 59 130 129 230 186 84 255 39 60 130 11 85 12 252 142 
147 13 46 188 148 198 189 103 180 198 218 147 181 174 50 97 236 43 63 133 252 157 54 238 241 39 190 129 37 108 181 90 
49 71 97 205 118 11 206 61 69 96 250 230 83 33 181 228 126 140 22 238 201 178 101 156 52 236 163 132 63 186 112 189 
41 11 99 197 116 27 233 119 84 232 90 230 147 9 148 164 126 172 23 173 217 184 101 204 100 31 170 192 111 136 240 185 
253 65 111 236 6 70 77 96 213 192 231 130 83 139 57 97 120 196 59 239 105 179 52 140 243 235 194 4 37 187 112 32 
78 252 182 151 235 240 188 166 191 151 6 177 236 254 110 207 231 119 251 17 54 73 154 241 175 114 223 75 130 85 173 94 
81 152 91 229 34 78 113 55 110 232 126 100 158 179 192 114 166 53 124 8 209 184 177 69 197 255 119 198 104 32 195 59 
2 137 18 137 87 133 186 64 12 1 82 3 172 154 52 64 250 57 19 209 18 184 16 221 37 52 138 66 20 10 53 142 
93 88 239 225 229 118 127 208 172 222 87 2 93 191 185 235 119 245 191 238 193 213 48 192 223 235 238 132 38 247 37 113 
120 185 251 122 43 205 87 230 163 25 172 8 63 247 64 48 163 243 205 64 90 107 186 53 251 197 53 59 96 147 166 107 
41 174 0 85 213 191 64 55 117 175 254 28 170 32 150 180 201 174 230 12 188 250 97 159 143 223 16 113 66 204 218 140 
26 106 66 158 87 208 58 192 135 4 76 131 44 207 39 196 254 249 147 195 70 151 30 255 115 69 138 171 55 151 45 206 
2 221 18 159 85 215 182 230 30 13 88 3 172 254 38 196 217 123 147 193 102 184 90 255 45 54 158 75 22 12 189 142 
182 66 238 237 102 82 254 104 29 142 212 163 73 206 191 73 254 217 151 227 236 183 36 204 114 219 238 131 53 191 124 199 
69 48 57 67 85 110 99 57 105 225 111 8 214 85 28 52 144 28 80 42 17 176 249 4 69 188 1 68 66 163 66 224 
94 79 90 165 34 130 62 224 172 140 90 225 109 231 161 208 54 117 173 226 64 145 129 110 176 231 107 131 36 179 45 1 
